   7       0 loop0 204 0 998 8 0 0 0 0 0 108 0 0 0 0 0
   7       1 loop1 120 0 2256 2 0 0 0 0 0 80 0 0 0 0 0
   7       2 loop2 148 0 4946 80 0 0 0 0 0 136 48 0 0 0 0
   7       3 loop3 41 0 232 69 0 0 0 0 0 48 36 0 0 0 0
   7       4 loop4 19 0 92 0 0 0 0 0 0 12 0 0 0 0 0
   7       5 loop5 35 0 660 21 0 0 0 0 0 24 4 0 0 0 0
   7       6 loop6 10625 0 23290 2001 0 0 0 0 0 932 368 0 0 0 0
   7       7 loop7 41 0 232 15 0 0 0 0 0 28 0 0 0 0 0
   8       0 sda 36641 4793 2736330 18620 128267 64770 3741584 141531 0 97452 30700 0 0 0 0
   8       1 sda1 36588 4793 2733154 18602 120760 64770 3741584 110209 0 96564 16364 0 0 0 0
   8      16 sdb 173 0 20280 1176 0 0 0 0 0 196 1048 0 0 0 0
   8      17 sdb1 139 0 18120 1116 0 0 0 0 0 168 1012 0 0 0 0
  11       0 sr0 0 0 0 0 0 0 0 0 0 0 0 0 0 0 0
 253       0 dm-0 41556 0 2724914 24048 193592 0 3795376 93404 0 97380 117452 0 0 0 0
 253       1 dm-1 134 0 6624 68 0 0 0 0 0 68 68 0 0 0 0
   7       8 loop8 53 0 696 5 0 0 0 0 0 28 0 0 0 0 0
   7       9 loop9 388 0 1360 9 0 0 0 0 0 144 0 0 0 0 0
   7      10 loop10 56 0 702 17 0 0 0 0 0 40 0 0 0 0 0
   7      11 loop11 53 0 256 0 0 0 0 0 0 16 0 0 0 0 0
   7      12 loop12 102 0 2228 2 0 0 0 0 0 60 0 0 0 0 0
   7      13 loop13 238 0 2520 3 0 0 0 0 0 128 0 0 0 0 0
   7      14 loop14 492 0 1574 9 0 0 0 0 0 164 0 0 0 0 0
   7      15 loop15 46 0 242 24 0 0 0 0 0 28 0 0 0 0 0
   7      16 loop16 206 0 1002 4 0 0 0 0 0 48 0 0 0 0 0
