   7       0 loop0 47 0 684 0 0 0 0 0 0 20 0 0 0 0 0
   7       1 loop1 54 0 2124 1 0 0 0 0 0 8 0 0 0 0 0
   7       2 loop2 79 0 4808 79 0 0 0 0 0 68 48 0 0 0 0
   7       3 loop3 34 0 218 68 0 0 0 0 0 40 36 0 0 0 0
   7       4 loop4 19 0 92 0 0 0 0 0 0 12 0 0 0 0 0
   7       5 loop5 35 0 660 21 0 0 0 0 0 24 4 0 0 0 0
   7       6 loop6 8150 0 18340 940 0 0 0 0 0 644 0 0 0 0 0
   7       7 loop7 38 0 226 15 0 0 0 0 0 24 0 0 0 0 0
   8       0 sda 18779 1954 1457706 14538 30947 15133 747248 33333 0 26236 9344 0 0 0 0
   8       1 sda1 18726 1954 1454530 14521 28978 15133 747248 25138 0 26008 5908 0 0 0 0
   8      16 sdb 164 0 17336 265 0 0 0 0 0 184 144 0 0 0 0
   8      17 sdb1 130 0 15176 205 0 0 0 0 0 156 108 0 0 0 0
  11       0 sr0 0 0 0 0 0 0 0 0 0 0 0 0 0 0 0
 253       0 dm-0 20773 0 1446290 19308 46085 0 761728 19108 0 26188 38416 0 0 0 0
 253       1 dm-1 134 0 6624 68 0 0 0 0 0 68 68 0 0 0 0
   7       8 loop8 36 0 662 3 0 0 0 0 0 12 0 0 0 0 0
   7       9 loop9 38 0 660 0 0 0 0 0 0 12 0 0 0 0 0
   7      10 loop10 37 0 664 16 0 0 0 0 0 24 0 0 0 0 0
   7      11 loop11 41 0 232 0 0 0 0 0 0 8 0 0 0 0 0
   7      12 loop12 52 0 2128 1 0 0 0 0 0 12 0 0 0 0 0
   7      13 loop13 46 0 2136 0 0 0 0 0 0 12 0 0 0 0 0
   7      14 loop14 41 0 672 1 0 0 0 0 0 8 0 0 0 0 0
   7      15 loop15 35 0 220 22 0 0 0 0 0 20 0 0 0 0 0
   7      16 loop16 4 0 8 0 0 0 0 0 0 4 0 0 0 0 0
