   7       0 loop0 163 0 916 7 0 0 0 0 0 68 0 0 0 0 0
   7       1 loop1 117 0 2250 2 0 0 0 0 0 72 0 0 0 0 0
   7       2 loop2 141 0 4932 80 0 0 0 0 0 124 48 0 0 0 0
   7       3 loop3 38 0 226 68 0 0 0 0 0 44 36 0 0 0 0
   7       4 loop4 19 0 92 0 0 0 0 0 0 12 0 0 0 0 0
   7       5 loop5 35 0 660 21 0 0 0 0 0 24 4 0 0 0 0
   7       6 loop6 8249 0 18538 941 0 0 0 0 0 696 0 0 0 0 0
   7       7 loop7 38 0 226 15 0 0 0 0 0 24 0 0 0 0 0
   8       0 sda 23407 2601 1924770 15798 40190 19755 966352 43490 0 36764 10848 0 0 0 0
   8       1 sda1 23354 2601 1921594 15780 37620 19755 966352 32787 0 36468 6264 0 0 0 0
   8      16 sdb 164 0 17336 265 0 0 0 0 0 184 144 0 0 0 0
   8      17 sdb1 130 0 15176 205 0 0 0 0 0 156 108 0 0 0 0
  11       0 sr0 0 0 0 0 0 0 0 0 0 0 0 0 0 0 0
 253       0 dm-0 26067 0 1913354 20780 59951 0 985224 24496 0 36716 45276 0 0 0 0
 253       1 dm-1 134 0 6624 68 0 0 0 0 0 68 68 0 0 0 0
   7       8 loop8 39 0 668 3 0 0 0 0 0 16 0 0 0 0 0
   7       9 loop9 38 0 660 0 0 0 0 0 0 12 0 0 0 0 0
   7      10 loop10 37 0 664 16 0 0 0 0 0 24 0 0 0 0 0
   7      11 loop11 41 0 232 0 0 0 0 0 0 8 0 0 0 0 0
   7      12 loop12 52 0 2128 1 0 0 0 0 0 12 0 0 0 0 0
   7      13 loop13 185 0 2414 2 0 0 0 0 0 80 0 0 0 0 0
   7      14 loop14 41 0 672 1 0 0 0 0 0 8 0 0 0 0 0
   7      15 loop15 35 0 220 22 0 0 0 0 0 20 0 0 0 0 0
   7      16 loop16 4 0 8 0 0 0 0 0 0 4 0 0 0 0 0
