   7       0 loop0 186 0 962 8 0 0 0 0 0 96 0 0 0 0 0
   7       1 loop1 118 0 2252 2 0 0 0 0 0 76 0 0 0 0 0
   7       2 loop2 146 0 4942 80 0 0 0 0 0 132 48 0 0 0 0
   7       3 loop3 38 0 226 68 0 0 0 0 0 44 36 0 0 0 0
   7       4 loop4 19 0 92 0 0 0 0 0 0 12 0 0 0 0 0
   7       5 loop5 35 0 660 21 0 0 0 0 0 24 4 0 0 0 0
   7       6 loop6 9583 0 21206 1786 0 0 0 0 0 828 368 0 0 0 0
   7       7 loop7 38 0 226 15 0 0 0 0 0 24 0 0 0 0 0
   8       0 sda 28859 4736 2621010 17629 76890 46020 2832848 88673 0 67568 23296 0 0 0 0
   8       1 sda1 28806 4736 2617834 17611 71820 46020 2832848 67951 0 66864 13900 0 0 0 0
   8      16 sdb 164 0 17336 265 0 0 0 0 0 184 144 0 0 0 0
   8      17 sdb1 130 0 15176 205 0 0 0 0 0 156 108 0 0 0 0
  11       0 sr0 0 0 0 0 0 0 0 0 0 0 0 0 0 0 0
 253       0 dm-0 33717 0 2609594 23296 123458 0 2868624 68788 0 67508 92084 0 0 0 0
 253       1 dm-1 134 0 6624 68 0 0 0 0 0 68 68 0 0 0 0
   7       8 loop8 41 0 672 3 0 0 0 0 0 20 0 0 0 0 0
   7       9 loop9 359 0 1302 8 0 0 0 0 0 128 0 0 0 0 0
   7      10 loop10 49 0 688 16 0 0 0 0 0 32 0 0 0 0 0
   7      11 loop11 43 0 236 0 0 0 0 0 0 12 0 0 0 0 0
   7      12 loop12 94 0 2212 1 0 0 0 0 0 52 0 0 0 0 0
   7      13 loop13 211 0 2466 2 0 0 0 0 0 108 0 0 0 0 0
   7      14 loop14 433 0 1456 7 0 0 0 0 0 136 0 0 0 0 0
   7      15 loop15 38 0 226 24 0 0 0 0 0 24 0 0 0 0 0
   7      16 loop16 4 0 8 0 0 0 0 0 0 4 0 0 0 0 0
