   7       0 loop0 133 0 850 6 0 0 0 0 0 36 0 0 0 0 0
   7       1 loop1 37 0 664 20 0 0 0 0 0 28 4 0 0 0 0
   7       2 loop2 19 0 92 0 0 0 0 0 0 12 0 0 0 0 0
   7       3 loop3 35 0 660 34 0 0 0 0 0 44 8 0 0 0 0
   7       4 loop4 34 0 218 28 0 0 0 0 0 32 12 0 0 0 0
   7       5 loop5 41 0 232 4 0 0 0 0 0 12 0 0 0 0 0
   7       6 loop6 52 0 2128 2 0 0 0 0 0 8 0 0 0 0 0
   7       7 loop7 56 0 2136 147 0 0 0 0 0 64 92 0 0 0 0
   8       0 sda 18330 2450 1244770 16264 771 970 21512 951 0 4264 6728 0 0 0 0
   8       1 sda1 18277 2450 1241594 16249 683 970 21512 540 0 4216 6452 0 0 0 0
   8      16 sdb 139 0 8520 247 0 0 0 0 0 128 144 0 0 0 0
   8      17 sdb1 63 0 4312 103 0 0 0 0 0 80 64 0 0 0 0
  11       0 sr0 0 0 0 0 0 0 0 0 0 0 0 0 0 0 0
 253       0 dm-0 20748 0 1233354 21224 1741 0 21968 1444 0 4228 22668 0 0 0 0
 253       1 dm-1 134 0 6624 72 0 0 0 0 0 56 72 0 0 0 0
   7       8 loop8 8147 0 18340 765 0 0 0 0 0 672 152 0 0 0 0
   7       9 loop9 36 0 662 0 0 0 0 0 0 8 0 0 0 0 0
   7      10 loop10 35 0 220 34 0 0 0 0 0 28 4 0 0 0 0
   7      11 loop11 77 0 2170 1 0 0 0 0 0 28 0 0 0 0 0
   7      12 loop12 38 0 226 48 0 0 0 0 0 52 20 0 0 0 0
   7      13 loop13 74 0 1340 1 0 0 0 0 0 16 0 0 0 0 0
   7      14 loop14 41 0 672 5 0 0 0 0 0 8 0 0 0 0 0
   7      15 loop15 120 0 2284 2 0 0 0 0 0 24 0 0 0 0 0
   7      16 loop16 4 0 8 0 0 0 0 0 0 4 0 0 0 0 0
