   7       0 loop0 219 0 1022 8 0 0 0 0 0 80 0 0 0 0 0
   7       1 loop1 48 0 686 21 0 0 0 0 0 36 4 0 0 0 0
   7       2 loop2 19 0 92 0 0 0 0 0 0 12 0 0 0 0 0
   7       3 loop3 35 0 660 34 0 0 0 0 0 44 8 0 0 0 0
   7       4 loop4 34 0 218 28 0 0 0 0 0 32 12 0 0 0 0
   7       5 loop5 41 0 232 4 0 0 0 0 0 12 0 0 0 0 0
   7       6 loop6 52 0 2128 2 0 0 0 0 0 8 0 0 0 0 0
   7       7 loop7 56 0 2136 147 0 0 0 0 0 64 92 0 0 0 0
   8       0 sda 23220 4439 1639730 17636 3387 2727 106344 2947 0 8780 7340 0 0 0 0
   8       1 sda1 23167 4439 1636554 17621 3196 2727 106344 2030 0 8712 6748 0 0 0 0
   8      16 sdb 139 0 8520 247 0 0 0 0 0 128 144 0 0 0 0
   8      17 sdb1 63 0 4312 103 0 0 0 0 0 80 64 0 0 0 0
  11       0 sr0 0 0 0 0 0 0 0 0 0 0 0 0 0 0 0
 253       0 dm-0 27797 0 1628314 23276 6118 0 107552 3748 0 8748 27024 0 0 0 0
 253       1 dm-1 134 0 6624 72 0 0 0 0 0 56 72 0 0 0 0
   7       8 loop8 8147 0 18340 765 0 0 0 0 0 672 152 0 0 0 0
   7       9 loop9 39 0 668 0 0 0 0 0 0 12 0 0 0 0 0
   7      10 loop10 46 0 242 36 0 0 0 0 0 40 4 0 0 0 0
   7      11 loop11 84 0 2184 1 0 0 0 0 0 40 0 0 0 0 0
   7      12 loop12 38 0 226 48 0 0 0 0 0 52 20 0 0 0 0
   7      13 loop13 74 0 1340 1 0 0 0 0 0 16 0 0 0 0 0
   7      14 loop14 41 0 672 5 0 0 0 0 0 8 0 0 0 0 0
   7      15 loop15 206 0 2456 3 0 0 0 0 0 68 0 0 0 0 0
   7      16 loop16 4 0 8 0 0 0 0 0 0 4 0 0 0 0 0
