   7       0 loop0 222 0 2488 10 0 0 0 0 0 64 4 0 0 0 0
   7       1 loop1 41 0 672 0 0 0 0 0 0 12 0 0 0 0 0
   7       2 loop2 98 0 2212 8 0 0 0 0 0 48 0 0 0 0 0
   7       3 loop3 52 0 2128 2 0 0 0 0 0 12 0 0 0 0 0
   7       4 loop4 48 0 686 77 0 0 0 0 0 72 52 0 0 0 0
   7       5 loop5 34 0 218 66 0 0 0 0 0 40 32 0 0 0 0
   7       6 loop6 8147 0 18340 1966 0 0 0 0 0 664 1032 0 0 0 0
   7       7 loop7 57 0 2144 85 0 0 0 0 0 60 36 0 0 0 0
   8       0 sda 24661 2539 1585898 18663 2483 1758 70824 1849 0 6756 8332 0 0 0 0
   8       1 sda1 24608 2539 1582722 18646 2347 1758 70824 1229 0 6700 7924 0 0 0 0
   8      16 sdb 139 0 8520 418 0 0 0 0 0 140 296 0 0 0 0
   8      17 sdb1 63 0 4312 142 0 0 0 0 0 88 96 0 0 0 0
  11       0 sr0 0 0 0 0 0 0 0 0 0 0 0 0 0 0 0
 253       0 dm-0 27245 0 1574482 26964 4241 0 71624 2404 0 6712 29368 0 0 0 0
 253       1 dm-1 134 0 6624 84 0 0 0 0 0 72 84 0 0 0 0
   7       8 loop8 47 0 684 0 0 0 0 0 0 16 0 0 0 0 0
   7       9 loop9 41 0 232 5 0 0 0 0 0 16 0 0 0 0 0
   7      10 loop10 53 0 696 1 0 0 0 0 0 16 0 0 0 0 0
   7      11 loop11 38 0 226 22 0 0 0 0 0 32 8 0 0 0 0
   7      12 loop12 367 0 1318 11 0 0 0 0 0 76 0 0 0 0 0
   7      13 loop13 46 0 242 15 0 0 0 0 0 16 0 0 0 0 0
   7      14 loop14 19 0 92 0 0 0 0 0 0 8 0 0 0 0 0
   7      15 loop15 35 0 660 28 0 0 0 0 0 28 8 0 0 0 0
   7      16 loop16 4 0 8 0 0 0 0 0 0 4 0 0 0 0 0
