   7       0 loop0 8150 0 18340 2167 0 0 0 0 0 652 1184 0 0 0 0
   7       1 loop1 41 0 232 83 0 0 0 0 0 64 56 0 0 0 0
   7       2 loop2 41 0 232 0 0 0 0 0 0 12 0 0 0 0 0
   7       3 loop3 56 0 702 78 0 0 0 0 0 60 44 0 0 0 0
   7       4 loop4 273 0 4646 5 0 0 0 0 0 72 0 0 0 0 0
   7       5 loop5 52 0 2128 0 0 0 0 0 0 12 0 0 0 0 0
   7       6 loop6 41 0 672 4 0 0 0 0 0 20 0 0 0 0 0
   7       7 loop7 46 0 242 31 0 0 0 0 0 28 0 0 0 0 0
   8       0 sda 46163 2796 4630186 26028 35488 30261 3599504 49859 0 52416 25972 0 0 0 0
   8       1 sda1 46110 2796 4627010 26010 32791 30261 3599504 38081 0 52108 19596 0 0 0 0
   8      16 sdb 14001 462 12148852 131284 203207 928038 255109480 5351063 0 551976 5046080 0 0 0 0
   8      17 sdb1 12874 462 12000572 128286 200937 928001 255108928 5326871 0 549324 5024684 0 0 0 0
  11       0 sr0 0 0 0 0 0 0 0 0 0 0 0 0 0 0 0
 253       0 dm-0 49216 0 4618770 32708 66214 0 3619320 65008 0 52376 97716 0 0 0 0
 253       1 dm-1 134 0 6624 116 0 0 0 0 0 80 116 0 0 0 0
   7       8 loop8 56 0 2136 23 0 0 0 0 0 36 0 0 0 0 0
   7       9 loop9 39 0 668 0 0 0 0 0 0 8 0 0 0 0 0
   7      10 loop10 388 0 1360 11 0 0 0 0 0 92 0 0 0 0 0
   7      11 loop11 38 0 226 4 0 0 0 0 0 12 0 0 0 0 0
   7      12 loop12 120 0 2256 2 0 0 0 0 0 48 0 0 0 0 0
   7      13 loop13 19 0 92 0 0 0 0 0 0 8 0 0 0 0 0
   7      14 loop14 35 0 660 82 0 0 0 0 0 32 52 0 0 0 0
   7      15 loop15 47 0 684 0 0 0 0 0 0 8 0 0 0 0 0
   7      16 loop16 4 0 8 0 0 0 0 0 0 4 0 0 0 0 0
