   7       0 loop0 8357 0 18754 2196 0 0 0 0 0 716 1184 0 0 0 0
   7       1 loop1 41 0 232 83 0 0 0 0 0 64 56 0 0 0 0
   7       2 loop2 53 0 256 1 0 0 0 0 0 16 0 0 0 0 0
   7       3 loop3 56 0 702 78 0 0 0 0 0 60 44 0 0 0 0
   7       4 loop4 274 0 4648 5 0 0 0 0 0 76 0 0 0 0 0
   7       5 loop5 154 0 2332 6 0 0 0 0 0 60 0 0 0 0 0
   7       6 loop6 589 0 1768 16 0 0 0 0 0 112 0 0 0 0 0
   7       7 loop7 46 0 242 31 0 0 0 0 0 28 0 0 0 0 0
   8       0 sda 57654 2891 4916538 27888 86594 57018 5575056 115380 0 110504 47704 11886 0 465234256 23911
   8       1 sda1 57601 2891 4913362 27870 81387 57018 5575056 91569 0 110000 34188 11886 0 465234256 23911
   8      16 sdb 14001 462 12148852 131284 206463 928112 258314168 5368741 0 558936 5057072 0 0 0 0
   8      17 sdb1 12874 462 12000572 128286 204193 928075 258313616 5344549 0 556284 5035676 0 0 0 0
  11       0 sr0 0 0 0 0 0 0 0 0 0 0 0 0 0 0 0
 253       0 dm-0 60802 0 4905122 34592 144089 0 5614000 119480 0 110440 177944 11886 0 465234256 23872
 253       1 dm-1 134 0 6624 116 0 0 0 0 0 80 116 0 0 0 0
   7       8 loop8 176 0 2376 27 0 0 0 0 0 92 0 0 0 0 0
   7       9 loop9 53 0 696 1 0 0 0 0 0 16 0 0 0 0 0
   7      10 loop10 388 0 1360 11 0 0 0 0 0 92 0 0 0 0 0
   7      11 loop11 41 0 232 4 0 0 0 0 0 16 0 0 0 0 0
   7      12 loop12 120 0 2256 2 0 0 0 0 0 48 0 0 0 0 0
   7      13 loop13 19 0 92 0 0 0 0 0 0 8 0 0 0 0 0
   7      14 loop14 35 0 660 82 0 0 0 0 0 32 52 0 0 0 0
   7      15 loop15 204 0 998 5 0 0 0 0 0 48 0 0 0 0 0
   7      16 loop16 4 0 8 0 0 0 0 0 0 4 0 0 0 0 0
