   7       0 loop0 202 0 994 16 0 0 0 0 0 56 8 0 0 0 0
   7       1 loop1 492 0 1574 8 0 0 0 0 0 72 0 0 0 0 0
   7       2 loop2 38 0 660 61 0 0 0 0 0 48 36 0 0 0 0
   7       3 loop3 8354 0 18754 2385 0 0 0 0 0 740 1088 0 0 0 0
   7       4 loop4 19 0 92 0 0 0 0 0 0 12 0 0 0 0 0
   7       5 loop5 54 0 264 1 0 0 0 0 0 20 0 0 0 0 0
   7       6 loop6 41 0 232 23 0 0 0 0 0 36 0 0 0 0 0
   7       7 loop7 125 0 2274 62 0 0 0 0 0 80 12 0 0 0 0
   8       0 sda 40569 2504 2287194 21241 92300 41211 2279472 104948 0 76004 23536 0 0 0 0
   8       1 sda1 40516 2504 2284018 21225 85140 41211 2279472 79287 0 75316 14316 0 0 0 0
   8      16 sdb 191 0 26168 654 0 0 0 0 0 264 484 0 0 0 0
   8      17 sdb1 157 0 24008 577 0 0 0 0 0 232 436 0 0 0 0
  11       0 sr0 0 0 0 0 0 0 0 0 0 0 0 0 0 0 0
 253       0 dm-0 43176 0 2275778 26592 133770 0 2322864 75888 0 75960 102480 0 0 0 0
 253       1 dm-1 134 0 6624 84 0 0 0 0 0 72 84 0 0 0 0
   7       8 loop8 202 0 994 38 0 0 0 0 0 72 12 0 0 0 0
   7       9 loop9 120 0 2256 2 0 0 0 0 0 44 0 0 0 0 0
   7      10 loop10 102 0 2228 1 0 0 0 0 0 36 0 0 0 0 0
   7      11 loop11 53 0 696 1 0 0 0 0 0 12 0 0 0 0 0
   7      12 loop12 388 0 1384 8 0 0 0 0 0 64 0 0 0 0 0
   7      13 loop13 44 0 250 54 0 0 0 0 0 56 16 0 0 0 0
   7      14 loop14 83 0 1358 27 0 0 0 0 0 44 0 0 0 0 0
   7      15 loop15 41 0 232 63 0 0 0 0 0 48 20 0 0 0 0
   7      16 loop16 238 0 2520 3 0 0 0 0 0 44 0 0 0 0 0
   7      17 loop17 4 0 8 0 0 0 0 0 0 4 0 0 0 0 0
