   7       0 loop0 47 0 684 0 0 0 0 0 0 20 0 0 0 0 0
   7       1 loop1 52 0 2120 1 0 0 0 0 0 4 0 0 0 0 0
   7       2 loop2 73 0 4796 78 0 0 0 0 0 64 48 0 0 0 0
   7       3 loop3 34 0 218 68 0 0 0 0 0 40 36 0 0 0 0
   7       4 loop4 19 0 92 0 0 0 0 0 0 12 0 0 0 0 0
   7       5 loop5 35 0 660 21 0 0 0 0 0 24 4 0 0 0 0
   7       6 loop6 8150 0 18340 940 0 0 0 0 0 644 0 0 0 0 0
   7       7 loop7 38 0 226 15 0 0 0 0 0 24 0 0 0 0 0
   8       0 sda 12489 1916 1027410 12915 195 987 12416 360 0 2236 4836 0 0 0 0
   8       1 sda1 12436 1916 1024234 12898 153 987 12416 177 0 2228 4712 0 0 0 0
   8      16 sdb 164 0 17336 265 0 0 0 0 0 184 144 0 0 0 0
   8      17 sdb1 130 0 15176 205 0 0 0 0 0 156 108 0 0 0 0
  11       0 sr0 0 0 0 0 0 0 0 0 0 0 0 0 0 0 0
 253       0 dm-0 14346 0 1015994 17664 1183 0 12632 592 0 2192 18256 0 0 0 0
 253       1 dm-1 134 0 6624 68 0 0 0 0 0 68 68 0 0 0 0
   7       8 loop8 36 0 662 3 0 0 0 0 0 12 0 0 0 0 0
   7       9 loop9 36 0 656 0 0 0 0 0 0 8 0 0 0 0 0
   7      10 loop10 36 0 662 16 0 0 0 0 0 20 0 0 0 0 0
   7      11 loop11 41 0 232 0 0 0 0 0 0 8 0 0 0 0 0
   7      12 loop12 52 0 2128 1 0 0 0 0 0 12 0 0 0 0 0
   7      13 loop13 44 0 2132 0 0 0 0 0 0 8 0 0 0 0 0
   7      14 loop14 41 0 672 1 0 0 0 0 0 8 0 0 0 0 0
   7      15 loop15 35 0 220 22 0 0 0 0 0 20 0 0 0 0 0
   7      16 loop16 4 0 8 0 0 0 0 0 0 4 0 0 0 0 0
