   7       0 loop0 38 0 660 0 0 0 0 0 0 12 0 0 0 0 0
   7       1 loop1 46 0 682 173 0 0 0 0 0 76 144 0 0 0 0
   7       2 loop2 38 0 660 88 0 0 0 0 0 44 60 0 0 0 0
   7       3 loop3 36 0 662 0 0 0 0 0 0 8 0 0 0 0 0
   7       4 loop4 54 0 2124 1 0 0 0 0 0 16 0 0 0 0 0
   7       5 loop5 19 0 92 0 0 0 0 0 0 12 0 0 0 0 0
   7       6 loop6 38 0 226 41 0 0 0 0 0 20 32 0 0 0 0
   7       7 loop7 52 0 2128 0 0 0 0 0 0 12 0 0 0 0 0
   8       0 sda 13229 2465 1112162 18633 1366 1161 37968 2246 0 3372 10216 0 0 0 0
   8       1 sda1 13176 2465 1108986 18615 1298 1161 37968 1946 0 3364 10016 0 0 0 0
   8      16 sdb 164 0 17336 294 0 0 0 0 0 172 168 0 0 0 0
   8      17 sdb1 130 0 15176 223 0 0 0 0 0 140 124 0 0 0 0
  11       0 sr0 0 0 0 0 0 0 0 0 0 0 0 0 0 0 0
 253       0 dm-0 15805 0 1100746 26836 2527 0 38376 3540 0 3320 30376 0 0 0 0
 253       1 dm-1 134 0 6624 92 0 0 0 0 0 80 92 0 0 0 0
   7       8 loop8 41 0 232 0 0 0 0 0 0 12 0 0 0 0 0
   7       9 loop9 34 0 218 25 0 0 0 0 0 32 8 0 0 0 0
   7      10 loop10 46 0 2136 0 0 0 0 0 0 12 0 0 0 0 0
   7      11 loop11 50 0 2124 58 0 0 0 0 0 40 12 0 0 0 0
   7      12 loop12 41 0 672 0 0 0 0 0 0 12 0 0 0 0 0
   7      13 loop13 37 0 664 1 0 0 0 0 0 16 0 0 0 0 0
   7      14 loop14 8147 0 18340 1644 0 0 0 0 0 716 600 0 0 0 0
   7      15 loop15 37 0 664 31 0 0 0 0 0 36 12 0 0 0 0
   7      16 loop16 35 0 220 25 0 0 0 0 0 24 8 0 0 0 0
   7      17 loop17 4 0 8 0 0 0 0 0 0 4 0 0 0 0 0
