   7       0 loop0 56 0 2136 183 0 0 0 0 0 60 148 0 0 0 0
   7       1 loop1 37 0 664 87 0 0 0 0 0 64 56 0 0 0 0
   7       2 loop2 36 0 662 0 0 0 0 0 0 8 0 0 0 0 0
   7       3 loop3 39 0 234 36 0 0 0 0 0 44 12 0 0 0 0
   7       4 loop4 37 0 664 0 0 0 0 0 0 12 0 0 0 0 0
   7       5 loop5 65 0 1316 1 0 0 0 0 0 16 0 0 0 0 0
   7       6 loop6 19 0 92 0 0 0 0 0 0 12 0 0 0 0 0
   7       7 loop7 41 0 672 0 0 0 0 0 0 12 0 0 0 0 0
   8       0 sda 30457 2822 2287346 21323 13551 15648 790648 17404 0 17252 10264 0 0 0 0
   8       1 sda1 30404 2822 2284170 21305 11688 15648 790648 12293 0 17088 8620 0 0 0 0
   8      16 sdb 218 0 35000 600 0 0 0 0 0 244 412 0 0 0 0
   8      17 sdb1 184 0 32840 530 0 0 0 0 0 216 376 0 0 0 0
  11       0 sr0 0 0 0 0 0 0 0 0 0 0 0 0 0 0 0
 253       0 dm-0 33479 0 2275930 28624 29498 0 797336 25028 0 17212 53652 0 0 0 0
 253       1 dm-1 134 0 6624 40 0 0 0 0 0 36 40 0 0 0 0
   7       8 loop8 38 0 660 41 0 0 0 0 0 40 12 0 0 0 0
   7       9 loop9 46 0 682 36 0 0 0 0 0 48 4 0 0 0 0
   7      10 loop10 46 0 2136 0 0 0 0 0 0 12 0 0 0 0 0
   7      11 loop11 91 0 4244 3 0 0 0 0 0 16 0 0 0 0 0
   7      12 loop12 8147 0 18340 3206 0 0 0 0 0 720 1772 0 0 0 0
   7      13 loop13 50 0 2136 1 0 0 0 0 0 12 0 0 0 0 0
   7      14 loop14 35 0 220 126 0 0 0 0 0 64 76 0 0 0 0
   7      15 loop15 41 0 232 0 0 0 0 0 0 8 0 0 0 0 0
   7      16 loop16 36 0 234 125 0 0 0 0 0 64 72 0 0 0 0
   7      17 loop17 4 0 8 0 0 0 0 0 0 4 0 0 0 0 0
