   7       0 loop0 38 0 660 0 0 0 0 0 0 12 0 0 0 0 0
   7       1 loop1 46 0 682 173 0 0 0 0 0 76 144 0 0 0 0
   7       2 loop2 38 0 660 88 0 0 0 0 0 44 60 0 0 0 0
   7       3 loop3 36 0 662 0 0 0 0 0 0 8 0 0 0 0 0
   7       4 loop4 54 0 2124 1 0 0 0 0 0 16 0 0 0 0 0
   7       5 loop5 19 0 92 0 0 0 0 0 0 12 0 0 0 0 0
   7       6 loop6 38 0 226 41 0 0 0 0 0 20 32 0 0 0 0
   7       7 loop7 52 0 2128 0 0 0 0 0 0 12 0 0 0 0 0
   8       0 sda 23648 2518 2045386 21131 26367 20355 1264344 32800 0 30220 16488 0 0 0 0
   8       1 sda1 23595 2518 2042210 21114 23940 20355 1264344 24428 0 29504 12960 0 0 0 0
   8      16 sdb 164 0 17336 294 0 0 0 0 0 172 168 0 0 0 0
   8      17 sdb1 130 0 15176 223 0 0 0 0 0 140 124 0 0 0 0
  11       0 sr0 0 0 0 0 0 0 0 0 0 0 0 0 0 0 0
 253       0 dm-0 26421 0 2033970 29760 46995 0 1278088 34000 0 30144 63760 0 0 0 0
 253       1 dm-1 134 0 6624 92 0 0 0 0 0 80 92 0 0 0 0
   7       8 loop8 41 0 232 0 0 0 0 0 0 12 0 0 0 0 0
   7       9 loop9 34 0 218 25 0 0 0 0 0 32 8 0 0 0 0
   7      10 loop10 46 0 2136 0 0 0 0 0 0 12 0 0 0 0 0
   7      11 loop11 56 0 2136 59 0 0 0 0 0 44 12 0 0 0 0
   7      12 loop12 41 0 672 0 0 0 0 0 0 12 0 0 0 0 0
   7      13 loop13 37 0 664 1 0 0 0 0 0 16 0 0 0 0 0
   7      14 loop14 8147 0 18340 1644 0 0 0 0 0 716 600 0 0 0 0
   7      15 loop15 37 0 664 31 0 0 0 0 0 36 12 0 0 0 0
   7      16 loop16 35 0 220 25 0 0 0 0 0 24 8 0 0 0 0
   7      17 loop17 4 0 8 0 0 0 0 0 0 4 0 0 0 0 0
