   7       0 loop0 186 0 962 8 0 0 0 0 0 96 0 0 0 0 0
   7       1 loop1 118 0 2252 2 0 0 0 0 0 76 0 0 0 0 0
   7       2 loop2 146 0 4942 80 0 0 0 0 0 132 48 0 0 0 0
   7       3 loop3 38 0 226 68 0 0 0 0 0 44 36 0 0 0 0
   7       4 loop4 19 0 92 0 0 0 0 0 0 12 0 0 0 0 0
   7       5 loop5 35 0 660 21 0 0 0 0 0 24 4 0 0 0 0
   7       6 loop6 8270 0 18580 942 0 0 0 0 0 724 0 0 0 0 0
   7       7 loop7 38 0 226 15 0 0 0 0 0 24 0 0 0 0 0
   8       0 sda 27689 4704 2480418 16940 63468 32690 2032848 70734 0 56040 17156 0 0 0 0
   8       1 sda1 27636 4704 2477242 16922 59647 32690 2032848 54655 0 55596 10128 0 0 0 0
   8      16 sdb 164 0 17336 265 0 0 0 0 0 184 144 0 0 0 0
   8      17 sdb1 130 0 15176 205 0 0 0 0 0 156 108 0 0 0 0
  11       0 sr0 0 0 0 0 0 0 0 0 0 0 0 0 0 0 0
 253       0 dm-0 32514 0 2469002 22668 96447 0 2061064 47900 0 55988 70568 0 0 0 0
 253       1 dm-1 134 0 6624 68 0 0 0 0 0 68 68 0 0 0 0
   7       8 loop8 41 0 672 3 0 0 0 0 0 20 0 0 0 0 0
   7       9 loop9 359 0 1302 8 0 0 0 0 0 128 0 0 0 0 0
   7      10 loop10 49 0 688 16 0 0 0 0 0 32 0 0 0 0 0
   7      11 loop11 43 0 236 0 0 0 0 0 0 12 0 0 0 0 0
   7      12 loop12 94 0 2212 1 0 0 0 0 0 52 0 0 0 0 0
   7      13 loop13 211 0 2466 2 0 0 0 0 0 108 0 0 0 0 0
   7      14 loop14 433 0 1456 7 0 0 0 0 0 136 0 0 0 0 0
   7      15 loop15 38 0 226 24 0 0 0 0 0 24 0 0 0 0 0
   7      16 loop16 4 0 8 0 0 0 0 0 0 4 0 0 0 0 0
