   7       0 loop0 365 0 1314 6 0 0 0 0 0 128 0 0 0 0 0
   7       1 loop1 194 0 978 176 0 0 0 0 0 140 144 0 0 0 0
   7       2 loop2 38 0 660 88 0 0 0 0 0 44 60 0 0 0 0
   7       3 loop3 53 0 696 0 0 0 0 0 0 20 0 0 0 0 0
   7       4 loop4 116 0 2248 1 0 0 0 0 0 68 0 0 0 0 0
   7       5 loop5 19 0 92 0 0 0 0 0 0 12 0 0 0 0 0
   7       6 loop6 41 0 232 41 0 0 0 0 0 24 32 0 0 0 0
   7       7 loop7 88 0 2200 1 0 0 0 0 0 48 0 0 0 0 0
   8       0 sda 30940 4891 2475554 22943 46950 38738 8437944 91628 0 55320 52304 0 0 0 0
   8       1 sda1 30887 4891 2472378 22925 42568 38738 8437944 77413 0 53676 46284 0 0 0 0
   8      16 sdb 164 0 17336 294 0 0 0 0 0 172 168 0 0 0 0
   8      17 sdb1 130 0 15176 223 0 0 0 0 0 140 124 0 0 0 0
  11       0 sr0 0 0 0 0 0 0 0 0 0 0 0 0 0 0 0
 253       0 dm-0 36153 0 2464138 32204 85965 0 8460168 115312 0 55252 147516 0 0 0 0
 253       1 dm-1 134 0 6624 92 0 0 0 0 0 80 92 0 0 0 0
   7       8 loop8 53 0 256 1 0 0 0 0 0 20 0 0 0 0 0
   7       9 loop9 41 0 232 26 0 0 0 0 0 44 8 0 0 0 0
   7      10 loop10 229 0 2502 4 0 0 0 0 0 136 0 0 0 0 0
   7      11 loop11 122 0 2268 60 0 0 0 0 0 108 12 0 0 0 0
   7      12 loop12 428 0 1446 8 0 0 0 0 0 140 0 0 0 0 0
   7      13 loop13 195 0 980 6 0 0 0 0 0 80 0 0 0 0 0
   7      14 loop14 8286 0 18618 1646 0 0 0 0 0 804 600 0 0 0 0
   7      15 loop15 52 0 694 34 0 0 0 0 0 60 12 0 0 0 0
   7      16 loop16 46 0 242 25 0 0 0 0 0 32 8 0 0 0 0
   7      17 loop17 4 0 8 0 0 0 0 0 0 4 0 0 0 0 0
