   7       0 loop0 365 0 1314 6 0 0 0 0 0 128 0 0 0 0 0
   7       1 loop1 191 0 972 176 0 0 0 0 0 132 144 0 0 0 0
   7       2 loop2 38 0 660 88 0 0 0 0 0 44 60 0 0 0 0
   7       3 loop3 53 0 696 0 0 0 0 0 0 20 0 0 0 0 0
   7       4 loop4 116 0 2248 1 0 0 0 0 0 68 0 0 0 0 0
   7       5 loop5 19 0 92 0 0 0 0 0 0 12 0 0 0 0 0
   7       6 loop6 38 0 226 41 0 0 0 0 0 20 32 0 0 0 0
   7       7 loop7 88 0 2200 1 0 0 0 0 0 48 0 0 0 0 0
   8       0 sda 30152 4854 2466210 22813 43472 31634 3283680 58870 0 48924 25676 0 0 0 0
   8       1 sda1 30099 4854 2463034 22795 39151 31634 3283680 44973 0 47284 19856 0 0 0 0
   8      16 sdb 164 0 17336 294 0 0 0 0 0 172 168 0 0 0 0
   8      17 sdb1 130 0 15176 223 0 0 0 0 0 140 124 0 0 0 0
  11       0 sr0 0 0 0 0 0 0 0 0 0 0 0 0 0 0 0
 253       0 dm-0 35327 0 2454794 32044 75382 0 3305440 57704 0 48852 89748 0 0 0 0
 253       1 dm-1 134 0 6624 92 0 0 0 0 0 80 92 0 0 0 0
   7       8 loop8 53 0 256 1 0 0 0 0 0 20 0 0 0 0 0
   7       9 loop9 34 0 218 25 0 0 0 0 0 32 8 0 0 0 0
   7      10 loop10 222 0 2488 4 0 0 0 0 0 124 0 0 0 0 0
   7      11 loop11 122 0 2268 60 0 0 0 0 0 108 12 0 0 0 0
   7      12 loop12 411 0 1412 7 0 0 0 0 0 128 0 0 0 0 0
   7      13 loop13 192 0 974 6 0 0 0 0 0 72 0 0 0 0 0
   7      14 loop14 8277 0 18600 1646 0 0 0 0 0 792 600 0 0 0 0
   7      15 loop15 42 0 674 32 0 0 0 0 0 44 12 0 0 0 0
   7      16 loop16 46 0 242 25 0 0 0 0 0 32 8 0 0 0 0
   7      17 loop17 4 0 8 0 0 0 0 0 0 4 0 0 0 0 0
