   7       0 loop0 37 0 664 16 0 0 0 0 0 28 4 0 0 0 0
   7       1 loop1 41 0 232 17 0 0 0 0 0 32 0 0 0 0 0
   7       2 loop2 34 0 218 5 0 0 0 0 0 16 0 0 0 0 0
   7       3 loop3 8150 0 18340 1505 0 0 0 0 0 688 400 0 0 0 0
   7       4 loop4 38 0 660 95 0 0 0 0 0 20 88 0 0 0 0
   7       5 loop5 38 0 660 15 0 0 0 0 0 24 4 0 0 0 0
   7       6 loop6 46 0 2136 22 0 0 0 0 0 32 0 0 0 0 0
   7       7 loop7 56 0 2136 576 0 0 0 0 0 56 520 0 0 0 0
   8       0 sda 25262 798 2151402 28930 22834 13133 868648 25996 0 25968 24812 0 0 0 0
   8       1 sda1 25209 798 2148226 28913 21367 13133 868648 19981 0 25812 22156 0 0 0 0
   8      16 sdb 139 0 8520 265 0 0 0 0 0 160 160 0 0 0 0
   8      17 sdb1 63 0 4312 115 0 0 0 0 0 92 72 0 0 0 0
  11       0 sr0 0 0 0 0 0 0 0 0 0 0 0 0 0 0 0
 253       0 dm-0 26089 0 2139986 34312 36182 0 879192 21504 0 25924 55816 0 0 0 0
 253       1 dm-1 134 0 6624 8 0 0 0 0 0 32 8 0 0 0 0
   7       8 loop8 19 0 92 5 0 0 0 0 0 28 0 0 0 0 0
   7       9 loop9 41 0 672 522 0 0 0 0 0 44 496 0 0 0 0
   7      10 loop10 36 0 662 534 0 0 0 0 0 40 500 0 0 0 0
   7      11 loop11 52 0 2128 570 0 0 0 0 0 52 520 0 0 0 0
   7      12 loop12 35 0 220 1028 0 0 0 0 0 32 992 0 0 0 0
   7      13 loop13 38 0 226 17 0 0 0 0 0 20 0 0 0 0 0
   7      14 loop14 47 0 684 26 0 0 0 0 0 28 0 0 0 0 0
   7      15 loop15 54 0 2124 27 0 0 0 0 0 20 4 0 0 0 0
   7      16 loop16 4 0 8 0 0 0 0 0 0 4 0 0 0 0 0
