   7       0 loop0 8150 0 18340 2167 0 0 0 0 0 652 1184 0 0 0 0
   7       1 loop1 34 0 218 83 0 0 0 0 0 56 56 0 0 0 0
   7       2 loop2 41 0 232 0 0 0 0 0 0 12 0 0 0 0 0
   7       3 loop3 37 0 664 77 0 0 0 0 0 56 44 0 0 0 0
   7       4 loop4 268 0 4636 5 0 0 0 0 0 64 0 0 0 0 0
   7       5 loop5 52 0 2128 0 0 0 0 0 0 12 0 0 0 0 0
   7       6 loop6 41 0 672 4 0 0 0 0 0 20 0 0 0 0 0
   7       7 loop7 35 0 220 31 0 0 0 0 0 24 0 0 0 0 0
   8       0 sda 23372 2366 2344106 18525 2854 1906 616576 3971 0 7932 9184 0 0 0 0
   8       1 sda1 23319 2366 2340930 18507 2733 1906 616576 3448 0 7864 8864 0 0 0 0
   8      16 sdb 139 0 8520 418 0 0 0 0 0 144 296 0 0 0 0
   8      17 sdb1 63 0 4312 123 0 0 0 0 0 84 80 0 0 0 0
  11       0 sr0 0 0 0 0 0 0 0 0 0 0 0 0 0 0 0
 253       0 dm-0 25850 0 2332690 24588 4761 0 617224 5876 0 7888 30464 0 0 0 0
 253       1 dm-1 134 0 6624 116 0 0 0 0 0 80 116 0 0 0 0
   7       8 loop8 56 0 2136 23 0 0 0 0 0 36 0 0 0 0 0
   7       9 loop9 36 0 662 0 0 0 0 0 0 4 0 0 0 0 0
   7      10 loop10 133 0 850 6 0 0 0 0 0 32 0 0 0 0 0
   7      11 loop11 38 0 226 4 0 0 0 0 0 12 0 0 0 0 0
   7      12 loop12 81 0 2178 1 0 0 0 0 0 28 0 0 0 0 0
   7      13 loop13 19 0 92 0 0 0 0 0 0 8 0 0 0 0 0
   7      14 loop14 35 0 660 82 0 0 0 0 0 32 52 0 0 0 0
   7      15 loop15 47 0 684 0 0 0 0 0 0 8 0 0 0 0 0
   7      16 loop16 4 0 8 0 0 0 0 0 0 4 0 0 0 0 0
