   7       0 loop0 8150 0 18340 2167 0 0 0 0 0 652 1184 0 0 0 0
   7       1 loop1 34 0 218 83 0 0 0 0 0 56 56 0 0 0 0
   7       2 loop2 41 0 232 0 0 0 0 0 0 12 0 0 0 0 0
   7       3 loop3 37 0 664 77 0 0 0 0 0 56 44 0 0 0 0
   7       4 loop4 82 0 4264 1 0 0 0 0 0 24 0 0 0 0 0
   7       5 loop5 52 0 2128 0 0 0 0 0 0 12 0 0 0 0 0
   7       6 loop6 41 0 672 4 0 0 0 0 0 20 0 0 0 0 0
   7       7 loop7 35 0 220 31 0 0 0 0 0 24 0 0 0 0 0
   8       0 sda 12645 2323 1011394 15055 681 617 18136 1283 0 2892 7568 0 0 0 0
   8       1 sda1 12592 2323 1008218 15037 624 617 18136 1060 0 2880 7424 0 0 0 0
   8      16 sdb 139 0 8520 418 0 0 0 0 0 144 296 0 0 0 0
   8      17 sdb1 63 0 4312 123 0 0 0 0 0 84 80 0 0 0 0
  11       0 sr0 0 0 0 0 0 0 0 0 0 0 0 0 0 0 0
 253       0 dm-0 15080 0 999978 21328 1299 0 18456 1500 0 2848 22828 0 0 0 0
 253       1 dm-1 134 0 6624 116 0 0 0 0 0 80 116 0 0 0 0
   7       8 loop8 50 0 2124 22 0 0 0 0 0 32 0 0 0 0 0
   7       9 loop9 36 0 662 0 0 0 0 0 0 4 0 0 0 0 0
   7      10 loop10 38 0 660 0 0 0 0 0 0 8 0 0 0 0 0
   7      11 loop11 38 0 226 4 0 0 0 0 0 12 0 0 0 0 0
   7      12 loop12 54 0 2124 0 0 0 0 0 0 8 0 0 0 0 0
   7      13 loop13 19 0 92 0 0 0 0 0 0 8 0 0 0 0 0
   7      14 loop14 35 0 660 82 0 0 0 0 0 32 52 0 0 0 0
   7      15 loop15 47 0 684 0 0 0 0 0 0 8 0 0 0 0 0
   7      16 loop16 4 0 8 0 0 0 0 0 0 4 0 0 0 0 0
