   7       0 loop0 37 0 664 10 0 0 0 0 0 24 8 0 0 0 0
   7       1 loop1 41 0 672 0 0 0 0 0 0 16 0 0 0 0 0
   7       2 loop2 38 0 660 61 0 0 0 0 0 48 36 0 0 0 0
   7       3 loop3 8147 0 18340 2354 0 0 0 0 0 692 1088 0 0 0 0
   7       4 loop4 19 0 92 0 0 0 0 0 0 12 0 0 0 0 0
   7       5 loop5 42 0 240 1 0 0 0 0 0 12 0 0 0 0 0
   7       6 loop6 38 0 226 23 0 0 0 0 0 32 0 0 0 0 0
   7       7 loop7 56 0 2136 61 0 0 0 0 0 48 12 0 0 0 0
   8       0 sda 28048 2477 2155042 19197 35745 24474 1621512 49472 0 45232 15464 0 0 0 0
   8       1 sda1 27995 2477 2151866 19181 30985 24474 1621512 33994 0 44588 10504 0 0 0 0
   8      16 sdb 191 0 26168 654 0 0 0 0 0 264 484 0 0 0 0
   8      17 sdb1 157 0 24008 577 0 0 0 0 0 232 436 0 0 0 0
  11       0 sr0 0 0 0 0 0 0 0 0 0 0 0 0 0 0 0
 253       0 dm-0 30628 0 2143626 24328 60478 0 1646584 47916 0 45188 72244 0 0 0 0
 253       1 dm-1 134 0 6624 84 0 0 0 0 0 72 84 0 0 0 0
   7       8 loop8 46 0 682 34 0 0 0 0 0 40 12 0 0 0 0
   7       9 loop9 54 0 2124 1 0 0 0 0 0 12 0 0 0 0 0
   7      10 loop10 52 0 2128 1 0 0 0 0 0 8 0 0 0 0 0
   7      11 loop11 36 0 662 0 0 0 0 0 0 4 0 0 0 0 0
   7      12 loop12 38 0 684 0 0 0 0 0 0 12 0 0 0 0 0
   7      13 loop13 33 0 228 53 0 0 0 0 0 48 16 0 0 0 0
   7      14 loop14 64 0 1320 26 0 0 0 0 0 40 0 0 0 0 0
   7      15 loop15 34 0 218 63 0 0 0 0 0 40 20 0 0 0 0
   7      16 loop16 46 0 2136 0 0 0 0 0 0 8 0 0 0 0 0
   7      17 loop17 4 0 8 0 0 0 0 0 0 4 0 0 0 0 0
