   7       0 loop0 8150 0 18340 2167 0 0 0 0 0 652 1184 0 0 0 0
   7       1 loop1 41 0 232 83 0 0 0 0 0 64 56 0 0 0 0
   7       2 loop2 41 0 232 0 0 0 0 0 0 12 0 0 0 0 0
   7       3 loop3 56 0 702 78 0 0 0 0 0 60 44 0 0 0 0
   7       4 loop4 273 0 4646 5 0 0 0 0 0 72 0 0 0 0 0
   7       5 loop5 52 0 2128 0 0 0 0 0 0 12 0 0 0 0 0
   7       6 loop6 41 0 672 4 0 0 0 0 0 20 0 0 0 0 0
   7       7 loop7 46 0 242 31 0 0 0 0 0 28 0 0 0 0 0
   8       0 sda 38410 2584 3923802 24195 19215 14456 1276464 20144 0 28132 13504 0 0 0 0
   8       1 sda1 38357 2584 3920626 24177 18316 14456 1276464 16162 0 27980 11284 0 0 0 0
   8      16 sdb 14001 462 12148852 131284 176247 927445 228553248 5213076 0 494804 4962932 0 0 0 0
   8      17 sdb1 12874 462 12000572 128286 173977 927408 228552696 5188884 0 492152 4941536 0 0 0 0
  11       0 sr0 0 0 0 0 0 0 0 0 0 0 0 0 0 0 0
 253       0 dm-0 41242 0 3912386 30772 33904 0 1282912 28740 0 28080 59512 0 0 0 0
 253       1 dm-1 134 0 6624 116 0 0 0 0 0 80 116 0 0 0 0
   7       8 loop8 56 0 2136 23 0 0 0 0 0 36 0 0 0 0 0
   7       9 loop9 39 0 668 0 0 0 0 0 0 8 0 0 0 0 0
   7      10 loop10 388 0 1360 11 0 0 0 0 0 92 0 0 0 0 0
   7      11 loop11 38 0 226 4 0 0 0 0 0 12 0 0 0 0 0
   7      12 loop12 120 0 2256 2 0 0 0 0 0 48 0 0 0 0 0
   7      13 loop13 19 0 92 0 0 0 0 0 0 8 0 0 0 0 0
   7      14 loop14 35 0 660 82 0 0 0 0 0 32 52 0 0 0 0
   7      15 loop15 47 0 684 0 0 0 0 0 0 8 0 0 0 0 0
   7      16 loop16 4 0 8 0 0 0 0 0 0 4 0 0 0 0 0
