   7       0 loop0 45 0 676 23 0 0 0 0 0 40 0 0 0 0 0
   7       1 loop1 59 0 2104 41 0 0 0 0 0 44 12 0 0 0 0
   7       2 loop2 48 0 688 37 0 0 0 0 0 56 12 0 0 0 0
   7       3 loop3 44 0 256 5 0 0 0 0 0 16 0 0 0 0 0
   7       4 loop4 54 0 2152 45 0 0 0 0 0 60 16 0 0 0 0
   7       5 loop5 44 0 680 9 0 0 0 0 0 24 0 0 0 0 0
   7       6 loop6 78093 0 158186 15742 0 0 0 0 0 5728 476 0 0 0 0
   7       7 loop7 13796 0 29632 3582 0 0 0 0 0 1436 1024 0 0 0 0
   8       0 sda 49734 1027 3132706 22338 122012 100235 5882218 142100 0 83804 56664 0 0 0 0
   8       1 sda1 588 0 12320 237 2 0 2 1 0 148 0 0 0 0 0
   8       2 sda2 49069 1027 3117090 22051 116198 100235 5882216 131587 0 83476 50052 0 0 0 0
   8      16 sdb 308 0 14336 2062 0 0 0 0 0 412 1744 0 0 0 0
   8      17 sdb1 67 0 1336 510 0 0 0 0 0 144 416 0 0 0 0
   8      18 sdb2 73 0 4296 552 0 0 0 0 0 144 464 0 0 0 0
   8      19 sdb3 73 0 4296 683 0 0 0 0 0 160 612 0 0 0 0
  11       0 sr0 0 0 0 0 0 0 0 0 0 0 0 0 0 0 0
 253       0 dm-0 50060 0 3108834 22888 222526 0 5926368 245700 0 83716 268588 0 0 0 0
 253       1 dm-1 158 0 6672 20 0 0 0 0 0 60 20 0 0 0 0
   7       8 loop8 53 0 698 6 0 0 0 0 0 16 0 0 0 0 0
   7       9 loop9 43 0 672 9 0 0 0 0 0 20 4 0 0 0 0
   7      10 loop10 21 0 108 2 0 0 0 0 0 8 0 0 0 0 0
   7      11 loop11 60 0 2144 35 0 0 0 0 0 32 0 0 0 0 0
   7      12 loop12 66 0 468 5 0 0 0 0 0 24 0 0 0 0 0
   7      13 loop13 44 0 680 6 0 0 0 0 0 16 0 0 0 0 0
   7      14 loop14 40 0 242 4 0 0 0 0 0 16 0 0 0 0 0
   7      15 loop15 4 0 8 0 0 0 0 0 0 4 0 0 0 0 0
