   7       0 loop0 45 0 676 23 0 0 0 0 0 40 0 0 0 0 0
   7       1 loop1 59 0 2104 41 0 0 0 0 0 44 12 0 0 0 0
   7       2 loop2 48 0 688 37 0 0 0 0 0 56 12 0 0 0 0
   7       3 loop3 44 0 256 5 0 0 0 0 0 16 0 0 0 0 0
   7       4 loop4 54 0 2152 45 0 0 0 0 0 60 16 0 0 0 0
   7       5 loop5 44 0 680 9 0 0 0 0 0 24 0 0 0 0 0
   7       6 loop6 78685 0 159370 16063 0 0 0 0 0 5740 476 0 0 0 0
   7       7 loop7 13796 0 29632 3582 0 0 0 0 0 1436 1024 0 0 0 0
   8       0 sda 55493 1086 3718546 26013 162347 136749 9290850 212422 0 120896 96648 0 0 0 0
   8       1 sda1 588 0 12320 237 2 0 2 1 0 148 0 0 0 0 0
   8       2 sda2 54828 1086 3702930 25727 154447 136749 9290848 198106 0 120460 87520 0 0 0 0
   8      16 sdb 308 0 14336 2062 0 0 0 0 0 412 1744 0 0 0 0
   8      17 sdb1 67 0 1336 510 0 0 0 0 0 144 416 0 0 0 0
   8      18 sdb2 73 0 4296 552 0 0 0 0 0 144 464 0 0 0 0
   8      19 sdb3 73 0 4296 683 0 0 0 0 0 160 612 0 0 0 0
  11       0 sr0 0 0 0 0 0 0 0 0 0 0 0 0 0 0 0
 253       0 dm-0 55838 0 3694322 26584 298650 0 9343928 334044 0 120408 360628 0 0 0 0
 253       1 dm-1 202 0 7024 36 734 0 5872 560 0 596 596 0 0 0 0
   7       8 loop8 53 0 698 6 0 0 0 0 0 16 0 0 0 0 0
   7       9 loop9 43 0 672 9 0 0 0 0 0 20 4 0 0 0 0
   7      10 loop10 21 0 108 2 0 0 0 0 0 8 0 0 0 0 0
   7      11 loop11 60 0 2144 35 0 0 0 0 0 32 0 0 0 0 0
   7      12 loop12 66 0 468 5 0 0 0 0 0 24 0 0 0 0 0
   7      13 loop13 44 0 680 6 0 0 0 0 0 16 0 0 0 0 0
   7      14 loop14 40 0 242 4 0 0 0 0 0 16 0 0 0 0 0
   7      15 loop15 4 0 8 0 0 0 0 0 0 4 0 0 0 0 0
