   7       0 loop0 45 0 676 23 0 0 0 0 0 40 0 0 0 0 0
   7       1 loop1 59 0 2104 41 0 0 0 0 0 44 12 0 0 0 0
   7       2 loop2 48 0 688 37 0 0 0 0 0 56 12 0 0 0 0
   7       3 loop3 44 0 256 5 0 0 0 0 0 16 0 0 0 0 0
   7       4 loop4 54 0 2152 45 0 0 0 0 0 60 16 0 0 0 0
   7       5 loop5 44 0 680 9 0 0 0 0 0 24 0 0 0 0 0
   7       6 loop6 78948 0 159896 16260 0 0 0 0 0 5764 476 0 0 0 0
   7       7 loop7 13850 0 29740 3613 0 0 0 0 0 1440 1024 0 0 0 0
   8       0 sda 59976 1208 3982538 29972 197311 173092 15538834 348602 0 152324 206856 0 0 0 0
   8       1 sda1 948 0 12680 603 2 0 2 1 0 208 0 0 0 0 0
   8       2 sda2 58951 1208 3966562 29320 186820 173092 15538832 330127 0 151688 194996 0 0 0 0
   8      16 sdb 631 0 52640 3951 4 0 32 1 0 1384 3080 0 0 0 0
   8      17 sdb1 67 0 1336 510 0 0 0 0 0 144 416 0 0 0 0
   8      18 sdb2 73 0 4296 552 0 0 0 0 0 144 464 0 0 0 0
   8      19 sdb3 396 0 42600 2572 4 0 32 1 0 1132 1948 0 0 0 0
  11       0 sr0 0 0 0 0 0 0 0 0 0 0 0 0 0 0 0
 253       0 dm-0 60027 0 3957298 29864 370255 0 15604824 512312 0 151708 542176 0 0 0 0
 253       1 dm-1 284 0 7680 96 933 0 7464 756 0 780 852 0 0 0 0
   7       8 loop8 53 0 698 6 0 0 0 0 0 16 0 0 0 0 0
   7       9 loop9 43 0 672 9 0 0 0 0 0 20 4 0 0 0 0
   7      10 loop10 21 0 108 2 0 0 0 0 0 8 0 0 0 0 0
   7      11 loop11 60 0 2144 35 0 0 0 0 0 32 0 0 0 0 0
   7      12 loop12 66 0 468 5 0 0 0 0 0 24 0 0 0 0 0
   7      13 loop13 44 0 680 6 0 0 0 0 0 16 0 0 0 0 0
   7      14 loop14 40 0 242 4 0 0 0 0 0 16 0 0 0 0 0
   7      15 loop15 4 0 8 0 0 0 0 0 0 4 0 0 0 0 0
