   7       0 loop0 47 0 680 23 0 0 0 0 0 44 0 0 0 0 0
   7       1 loop1 418 0 2822 58 0 0 0 0 0 124 12 0 0 0 0
   7       2 loop2 989 0 2570 63 0 0 0 0 0 192 12 0 0 0 0
   7       3 loop3 71 0 310 8 0 0 0 0 0 32 0 0 0 0 0
   7       4 loop4 477 0 2998 66 0 0 0 0 0 148 16 0 0 0 0
   7       5 loop5 394 0 1380 27 0 0 0 0 0 96 0 0 0 0 0
   7       6 loop6 156655 0 315310 35552 0 0 0 0 0 11656 2564 0 0 0 0
   7       7 loop7 33153 0 68346 11396 0 0 0 0 0 3488 3460 0 0 0 0
   8       0 sda 460807 61014 32686442 358259 565167 716613 55129138 1151404 0 558488 888584 0 0 0 0
   8       1 sda1 2063 0 13816 1042 2 0 2 1 0 328 0 0 0 0 0
   8       2 sda2 458636 61014 32667754 357156 533283 716613 55129136 1100379 0 556928 856120 0 0 0 0
   8      16 sdb 631 0 52640 3951 20 0 160 90 0 1400 3160 0 0 0 0
   8      17 sdb1 67 0 1336 510 0 0 0 0 0 144 416 0 0 0 0
   8      18 sdb2 73 0 4296 552 0 0 0 0 0 144 464 0 0 0 0
   8      19 sdb3 396 0 42600 2572 20 0 160 90 0 1148 2028 0 0 0 0
  11       0 sr0 0 0 0 0 0 0 0 0 0 0 0 0 0 0 0
 253       0 dm-0 379974 0 31526802 343800 972179 0 52844360 2321960 0 524484 2665760 0 0 0 0
 253       1 dm-1 141680 0 1138848 52372 311405 0 2491240 3161856 0 55504 3214228 0 0 0 0
   7       8 loop8 394 0 1380 23 0 0 0 0 0 92 0 0 0 0 0
   7       9 loop9 45 0 676 9 0 0 0 0 0 24 4 0 0 0 0
   7      10 loop10 23 0 112 3 0 0 0 0 0 16 0 0 0 0 0
   7      11 loop11 469 0 2962 54 0 0 0 0 0 140 0 0 0 0 0
   7      12 loop12 71 0 478 5 0 0 0 0 0 28 0 0 0 0 0
   7      13 loop13 728 0 2048 35 0 0 0 0 0 124 0 0 0 0 0
   7      14 loop14 44 0 250 5 0 0 0 0 0 28 0 0 0 0 0
   7      15 loop15 4 0 8 0 0 0 0 0 0 4 0 0 0 0 0
