   7       0 loop0 47 0 680 23 0 0 0 0 0 44 0 0 0 0 0
   7       1 loop1 59 0 2104 41 0 0 0 0 0 44 12 0 0 0 0
   7       2 loop2 500 0 1592 51 0 0 0 0 0 132 12 0 0 0 0
   7       3 loop3 54 0 276 7 0 0 0 0 0 24 0 0 0 0 0
   7       4 loop4 251 0 2546 56 0 0 0 0 0 104 16 0 0 0 0
   7       5 loop5 209 0 1010 16 0 0 0 0 0 60 0 0 0 0 0
   7       6 loop6 156449 0 314898 35544 0 0 0 0 0 11596 2564 0 0 0 0
   7       7 loop7 33045 0 68130 11391 0 0 0 0 0 3448 3460 0 0 0 0
   8       0 sda 440718 60832 32465922 352714 563380 715292 55070122 1149909 0 555148 888328 0 0 0 0
   8       1 sda1 2063 0 13816 1042 2 0 2 1 0 328 0 0 0 0 0
   8       2 sda2 438547 60832 32447234 351611 531593 715292 55070120 1098961 0 553588 855896 0 0 0 0
   8      16 sdb 631 0 52640 3951 20 0 160 90 0 1400 3160 0 0 0 0
   8      17 sdb1 67 0 1336 510 0 0 0 0 0 144 416 0 0 0 0
   8      18 sdb2 73 0 4296 552 0 0 0 0 0 144 464 0 0 0 0
   8      19 sdb3 396 0 42600 2572 20 0 160 90 0 1148 2028 0 0 0 0
  11       0 sr0 0 0 0 0 0 0 0 0 0 0 0 0 0 0 0
 253       0 dm-0 359728 0 31306482 338216 969071 0 52784696 2320724 0 521192 2658940 0 0 0 0
 253       1 dm-1 141655 0 1138648 52348 311405 0 2491240 3161856 0 55460 3214204 0 0 0 0
   7       8 loop8 210 0 1012 15 0 0 0 0 0 56 0 0 0 0 0
   7       9 loop9 45 0 676 9 0 0 0 0 0 24 4 0 0 0 0
   7      10 loop10 23 0 112 3 0 0 0 0 0 16 0 0 0 0 0
   7      11 loop11 115 0 2254 41 0 0 0 0 0 64 0 0 0 0 0
   7      12 loop12 71 0 478 5 0 0 0 0 0 28 0 0 0 0 0
   7      13 loop13 375 0 1342 20 0 0 0 0 0 68 0 0 0 0 0
   7      14 loop14 44 0 250 5 0 0 0 0 0 28 0 0 0 0 0
   7      15 loop15 4 0 8 0 0 0 0 0 0 4 0 0 0 0 0
