   7       0 loop0 60 0 2144 58 0 0 0 0 0 64 12 0 0 0 0
   7       1 loop1 37 0 236 58 0 0 0 0 0 52 40 0 0 0 0
   7       2 loop2 48 0 688 48 0 0 0 0 0 60 16 0 0 0 0
   7       3 loop3 78 0 2156 40 0 0 0 0 0 40 0 0 0 0 0
   7       4 loop4 44 0 680 27 0 0 0 0 0 48 8 0 0 0 0
   7       5 loop5 21 0 108 16 0 0 0 0 0 24 12 0 0 0 0
   7       6 loop6 43 0 672 72 0 0 0 0 0 64 44 0 0 0 0
   7       7 loop7 44 0 680 83 0 0 0 0 0 56 40 0 0 0 0
   8       0 sda 30375 965 1697258 15200 5815 2892 311626 9387 0 11816 7356 0 0 0 0
   8       1 sda1 587 0 12264 477 2 0 2 1 0 212 28 0 0 0 0
   8       2 sda2 29711 965 1681698 14679 5571 2892 311624 9078 0 11772 7168 0 0 0 0
   8      16 sdb 308 0 14336 2147 0 0 0 0 0 396 1836 0 0 0 0
   8      17 sdb1 67 0 1336 423 0 0 0 0 0 144 340 0 0 0 0
   8      18 sdb2 73 0 4296 493 0 0 0 0 0 136 404 0 0 0 0
   8      19 sdb3 73 0 4296 644 0 0 0 0 0 164 564 0 0 0 0
  11       0 sr0 0 0 0 0 0 0 0 0 0 0 0 0 0 0 0
 253       0 dm-0 30896 0 1673442 17104 8705 0 313256 8292 0 11736 25396 0 0 0 0
 253       1 dm-1 158 0 6672 36 0 0 0 0 0 60 36 0 0 0 0
   7       8 loop8 40 0 242 18 0 0 0 0 0 24 4 0 0 0 0
   7       9 loop9 45 0 676 11 0 0 0 0 0 24 0 0 0 0 0
   7      10 loop10 59 0 2104 38 0 0 0 0 0 24 0 0 0 0 0
   7      11 loop11 53 0 698 9 0 0 0 0 0 16 0 0 0 0 0
   7      12 loop12 8226 0 18498 1317 0 0 0 0 0 768 112 0 0 0 0
   7      13 loop13 44 0 256 10 0 0 0 0 0 12 0 0 0 0 0
   7      14 loop14 54 0 2152 12 0 0 0 0 0 20 0 0 0 0 0
   7      15 loop15 5 0 16 0 0 0 0 0 0 4 0 0 0 0 0
