   7       0 loop0 45 0 676 23 0 0 0 0 0 40 0 0 0 0 0
   7       1 loop1 59 0 2104 41 0 0 0 0 0 44 12 0 0 0 0
   7       2 loop2 48 0 688 37 0 0 0 0 0 56 12 0 0 0 0
   7       3 loop3 44 0 256 5 0 0 0 0 0 16 0 0 0 0 0
   7       4 loop4 52 0 2148 45 0 0 0 0 0 56 16 0 0 0 0
   7       5 loop5 42 0 676 9 0 0 0 0 0 16 0 0 0 0 0
   7       6 loop6 65 0 2130 39 0 0 0 0 0 48 8 0 0 0 0
   7       7 loop7 8158 0 18356 2403 0 0 0 0 0 776 1016 0 0 0 0
   8       0 sda 14548 737 842570 8767 579 375 12681 530 0 4024 1008 0 0 0 0
   8       1 sda1 228 0 11960 85 1 0 1 0 0 104 0 0 0 0 0
   8       2 sda2 14243 737 827314 8634 550 375 12680 475 0 3996 972 0 0 0 0
   8      16 sdb 308 0 14336 2062 0 0 0 0 0 412 1744 0 0 0 0
   8      17 sdb1 67 0 1336 510 0 0 0 0 0 144 416 0 0 0 0
   8      18 sdb2 73 0 4296 552 0 0 0 0 0 144 464 0 0 0 0
   8      19 sdb3 73 0 4296 683 0 0 0 0 0 160 612 0 0 0 0
  11       0 sr0 0 0 0 0 0 0 0 0 0 0 0 0 0 0 0
 253       0 dm-0 14910 0 819058 9224 953 0 12840 780 0 3944 10004 0 0 0 0
 253       1 dm-1 158 0 6672 20 0 0 0 0 0 60 20 0 0 0 0
   7       8 loop8 53 0 698 6 0 0 0 0 0 16 0 0 0 0 0
   7       9 loop9 43 0 672 9 0 0 0 0 0 20 4 0 0 0 0
   7      10 loop10 21 0 108 2 0 0 0 0 0 8 0 0 0 0 0
   7      11 loop11 60 0 2144 35 0 0 0 0 0 32 0 0 0 0 0
   7      12 loop12 66 0 468 5 0 0 0 0 0 24 0 0 0 0 0
   7      13 loop13 42 0 676 5 0 0 0 0 0 12 0 0 0 0 0
   7      14 loop14 40 0 242 4 0 0 0 0 0 16 0 0 0 0 0
   7      15 loop15 4 0 8 0 0 0 0 0 0 4 0 0 0 0 0
