   7       0 loop0 45 0 676 23 0 0 0 0 0 40 0 0 0 0 0
   7       1 loop1 59 0 2104 41 0 0 0 0 0 44 12 0 0 0 0
   7       2 loop2 499 0 1590 51 0 0 0 0 0 128 12 0 0 0 0
   7       3 loop3 52 0 272 6 0 0 0 0 0 20 0 0 0 0 0
   7       4 loop4 251 0 2546 56 0 0 0 0 0 104 16 0 0 0 0
   7       5 loop5 209 0 1010 16 0 0 0 0 0 60 0 0 0 0 0
   7       6 loop6 78961 0 159922 16263 0 0 0 0 0 5776 476 0 0 0 0
   7       7 loop7 17176 0 36392 7622 0 0 0 0 0 1868 3308 0 0 0 0
   8       0 sda 176148 10789 18482970 216047 295640 496914 34775330 682398 0 281632 571948 0 0 0 0
   8       1 sda1 1308 0 13040 741 2 0 2 1 0 244 0 0 0 0 0
   8       2 sda2 174763 10789 18466634 215257 280825 496914 34775328 657332 0 280788 555896 0 0 0 0
   8      16 sdb 631 0 52640 3951 20 0 160 90 0 1400 3160 0 0 0 0
   8      17 sdb1 67 0 1336 510 0 0 0 0 0 144 416 0 0 0 0
   8      18 sdb2 73 0 4296 552 0 0 0 0 0 144 464 0 0 0 0
   8      19 sdb3 396 0 42600 2572 20 0 160 90 0 1148 2028 0 0 0 0
  11       0 sr0 0 0 0 0 0 0 0 0 0 0 0 0 0 0 0
 253       0 dm-0 153887 0 18197314 219940 531870 0 32784720 1186808 0 270164 1406748 0 0 0 0
 253       1 dm-1 32791 0 267736 12472 261695 0 2093560 3134612 0 22568 3147084 0 0 0 0
   7       8 loop8 209 0 1010 14 0 0 0 0 0 52 0 0 0 0 0
   7       9 loop9 45 0 676 9 0 0 0 0 0 24 4 0 0 0 0
   7      10 loop10 21 0 108 2 0 0 0 0 0 8 0 0 0 0 0
   7      11 loop11 110 0 2244 40 0 0 0 0 0 60 0 0 0 0 0
   7      12 loop12 71 0 478 5 0 0 0 0 0 28 0 0 0 0 0
   7      13 loop13 375 0 1342 20 0 0 0 0 0 68 0 0 0 0 0
   7      14 loop14 43 0 248 5 0 0 0 0 0 20 0 0 0 0 0
   7      15 loop15 4 0 8 0 0 0 0 0 0 4 0 0 0 0 0
