   7       0 loop0 45 0 676 23 0 0 0 0 0 40 0 0 0 0 0
   7       1 loop1 59 0 2104 41 0 0 0 0 0 44 12 0 0 0 0
   7       2 loop2 499 0 1590 51 0 0 0 0 0 128 12 0 0 0 0
   7       3 loop3 52 0 272 6 0 0 0 0 0 20 0 0 0 0 0
   7       4 loop4 251 0 2546 56 0 0 0 0 0 104 16 0 0 0 0
   7       5 loop5 209 0 1010 16 0 0 0 0 0 60 0 0 0 0 0
   7       6 loop6 78961 0 159922 16263 0 0 0 0 0 5776 476 0 0 0 0
   7       7 loop7 18446 0 38932 8358 0 0 0 0 0 1992 3460 0 0 0 0
   8       0 sda 201568 14261 19872466 230524 325283 503328 35210210 698460 0 295708 578100 0 0 0 0
   8       1 sda1 1308 0 13040 741 2 0 2 1 0 244 0 0 0 0 0
   8       2 sda2 200183 14261 19856130 229734 310309 503328 35210208 672914 0 294856 561712 0 0 0 0
   8      16 sdb 631 0 52640 3951 20 0 160 90 0 1400 3160 0 0 0 0
   8      17 sdb1 67 0 1336 510 0 0 0 0 0 144 416 0 0 0 0
   8      18 sdb2 73 0 4296 552 0 0 0 0 0 144 464 0 0 0 0
   8      19 sdb3 396 0 42600 2572 20 0 160 90 0 1148 2028 0 0 0 0
  11       0 sr0 0 0 0 0 0 0 0 0 0 0 0 0 0 0 0
 253       0 dm-0 175012 0 19524346 234632 541789 0 33011616 1199848 0 281336 1434480 0 0 0 0
 253       1 dm-1 40599 0 330200 14940 287835 0 2302680 3147860 0 26888 3162800 0 0 0 0
   7       8 loop8 209 0 1010 14 0 0 0 0 0 52 0 0 0 0 0
   7       9 loop9 45 0 676 9 0 0 0 0 0 24 4 0 0 0 0
   7      10 loop10 21 0 108 2 0 0 0 0 0 8 0 0 0 0 0
   7      11 loop11 110 0 2244 40 0 0 0 0 0 60 0 0 0 0 0
   7      12 loop12 71 0 478 5 0 0 0 0 0 28 0 0 0 0 0
   7      13 loop13 375 0 1342 20 0 0 0 0 0 68 0 0 0 0 0
   7      14 loop14 43 0 248 5 0 0 0 0 0 20 0 0 0 0 0
   7      15 loop15 4 0 8 0 0 0 0 0 0 4 0 0 0 0 0
