   7       0 loop0 45 0 676 23 0 0 0 0 0 40 0 0 0 0 0
   7       1 loop1 59 0 2104 41 0 0 0 0 0 44 12 0 0 0 0
   7       2 loop2 499 0 1590 51 0 0 0 0 0 128 12 0 0 0 0
   7       3 loop3 52 0 272 6 0 0 0 0 0 20 0 0 0 0 0
   7       4 loop4 251 0 2546 56 0 0 0 0 0 104 16 0 0 0 0
   7       5 loop5 209 0 1010 16 0 0 0 0 0 60 0 0 0 0 0
   7       6 loop6 78961 0 159922 16263 0 0 0 0 0 5776 476 0 0 0 0
   7       7 loop7 22466 0 46972 9533 0 0 0 0 0 2348 3460 0 0 0 0
   8       0 sda 306274 23103 26099546 296011 358500 512213 36050218 723466 0 333004 596748 0 0 0 0
   8       1 sda1 1308 0 13040 741 2 0 2 1 0 244 0 0 0 0 0
   8       2 sda2 304889 23103 26083210 295221 342711 512213 36050216 695989 0 332144 579096 0 0 0 0
   8      16 sdb 631 0 52640 3951 20 0 160 90 0 1400 3160 0 0 0 0
   8      17 sdb1 67 0 1336 510 0 0 0 0 0 144 416 0 0 0 0
   8      18 sdb2 73 0 4296 552 0 0 0 0 0 144 464 0 0 0 0
   8      19 sdb3 396 0 42600 2572 20 0 160 90 0 1148 2028 0 0 0 0
  11       0 sr0 0 0 0 0 0 0 0 0 0 0 0 0 0 0 0
 253       0 dm-0 259881 0 25516178 296488 560435 0 33669968 1216376 0 315036 1512864 0 0 0 0
 253       1 dm-1 70005 0 565448 23608 311291 0 2490328 3161576 0 33220 3185184 0 0 0 0
   7       8 loop8 209 0 1010 14 0 0 0 0 0 52 0 0 0 0 0
   7       9 loop9 45 0 676 9 0 0 0 0 0 24 4 0 0 0 0
   7      10 loop10 21 0 108 2 0 0 0 0 0 8 0 0 0 0 0
   7      11 loop11 110 0 2244 40 0 0 0 0 0 60 0 0 0 0 0
   7      12 loop12 71 0 478 5 0 0 0 0 0 28 0 0 0 0 0
   7      13 loop13 375 0 1342 20 0 0 0 0 0 68 0 0 0 0 0
   7      14 loop14 43 0 248 5 0 0 0 0 0 20 0 0 0 0 0
   7      15 loop15 4 0 8 0 0 0 0 0 0 4 0 0 0 0 0
