   7       0 loop0 47 0 680 23 0 0 0 0 0 44 0 0 0 0 0
   7       1 loop1 59 0 2104 41 0 0 0 0 0 44 12 0 0 0 0
   7       2 loop2 500 0 1592 51 0 0 0 0 0 132 12 0 0 0 0
   7       3 loop3 54 0 276 7 0 0 0 0 0 24 0 0 0 0 0
   7       4 loop4 251 0 2546 56 0 0 0 0 0 104 16 0 0 0 0
   7       5 loop5 209 0 1010 16 0 0 0 0 0 60 0 0 0 0 0
   7       6 loop6 151973 0 305946 33316 0 0 0 0 0 11280 2468 0 0 0 0
   7       7 loop7 32952 0 67944 11312 0 0 0 0 0 3424 3460 0 0 0 0
   8       0 sda 376293 49485 29719530 324823 402360 554184 41562314 811939 0 405496 662092 0 0 0 0
   8       1 sda1 1308 0 13040 741 2 0 2 1 0 244 0 0 0 0 0
   8       2 sda2 374908 49485 29703194 324033 383172 554184 41562312 778392 0 404512 640488 0 0 0 0
   8      16 sdb 631 0 52640 3951 20 0 160 90 0 1400 3160 0 0 0 0
   8      17 sdb1 67 0 1336 510 0 0 0 0 0 144 416 0 0 0 0
   8      18 sdb2 73 0 4296 552 0 0 0 0 0 144 464 0 0 0 0
   8      19 sdb3 396 0 42600 2572 20 0 160 90 0 1148 2028 0 0 0 0
  11       0 sr0 0 0 0 0 0 0 0 0 0 0 0 0 0 0 0
 253       0 dm-0 305245 0 28727346 314948 646294 0 39204744 1346248 0 379120 1661196 0 0 0 0
 253       1 dm-1 121107 0 974264 43944 311291 0 2490328 3161576 0 46068 3205520 0 0 0 0
   7       8 loop8 210 0 1012 15 0 0 0 0 0 56 0 0 0 0 0
   7       9 loop9 45 0 676 9 0 0 0 0 0 24 4 0 0 0 0
   7      10 loop10 23 0 112 3 0 0 0 0 0 16 0 0 0 0 0
   7      11 loop11 115 0 2254 41 0 0 0 0 0 64 0 0 0 0 0
   7      12 loop12 71 0 478 5 0 0 0 0 0 28 0 0 0 0 0
   7      13 loop13 375 0 1342 20 0 0 0 0 0 68 0 0 0 0 0
   7      14 loop14 44 0 250 5 0 0 0 0 0 28 0 0 0 0 0
   7      15 loop15 4 0 8 0 0 0 0 0 0 4 0 0 0 0 0
