   7       0 loop0 59 0 2104 92 0 0 0 0 0 52 40 0 0 0 0
   7       1 loop1 45 0 676 7 0 0 0 0 0 16 0 0 0 0 0
   7       2 loop2 44 0 680 113 0 0 0 0 0 36 96 0 0 0 0
   7       3 loop3 60 0 2144 84 0 0 0 0 0 44 40 0 0 0 0
   7       4 loop4 78 0 2156 67 0 0 0 0 0 48 24 0 0 0 0
   7       5 loop5 21 0 108 3 0 0 0 0 0 16 0 0 0 0 0
   7       6 loop6 8229 0 18498 2758 0 0 0 0 0 792 1328 0 0 0 0
   7       7 loop7 53 0 698 19 0 0 0 0 0 28 4 0 0 0 0
   8       0 sda 52583 838 2432378 23163 5569 11630 767010 8913 0 16544 9096 0 0 0 0
   8       1 sda1 578 0 12288 217 2 0 2 1 0 156 4 0 0 0 0
   8       2 sda2 51928 838 2416794 22904 5370 11630 767008 8365 0 16452 8696 0 0 0 0
   8      16 sdb 308 0 14336 2115 0 0 0 0 0 372 1812 0 0 0 0
   8      17 sdb1 67 0 1336 472 0 0 0 0 0 128 388 0 0 0 0
   8      18 sdb2 73 0 4296 563 0 0 0 0 0 148 476 0 0 0 0
   8      19 sdb3 73 0 4296 655 0 0 0 0 0 140 588 0 0 0 0
  11       0 sr0 0 0 0 0 0 0 0 0 0 0 0 0 0 0 0
 253       0 dm-0 52856 0 2408538 24696 17363 0 768232 39264 0 16412 63960 0 0 0 0
 253       1 dm-1 158 0 6672 104 0 0 0 0 0 88 104 0 0 0 0
   7       8 loop8 43 0 672 32 0 0 0 0 0 32 8 0 0 0 0
   7       9 loop9 48 0 688 23 0 0 0 0 0 28 0 0 0 0 0
   7      10 loop10 40 0 242 18 0 0 0 0 0 24 0 0 0 0 0
   7      11 loop11 46 0 272 20 0 0 0 0 0 32 0 0 0 0 0
   7      12 loop12 44 0 680 18 0 0 0 0 0 32 0 0 0 0 0
   7      13 loop13 37 0 236 13 0 0 0 0 0 16 0 0 0 0 0
   7      14 loop14 54 0 2152 70 0 0 0 0 0 32 44 0 0 0 0
   7      15 loop15 5 0 16 0 0 0 0 0 0 4 0 0 0 0 0
