   7       0 loop0 45 0 676 18 0 0 0 0 0 28 0 0 0 0 0
   7       1 loop1 57 0 706 8 0 0 0 0 0 20 0 0 0 0 0
   7       2 loop2 48 0 688 14 0 0 0 0 0 24 0 0 0 0 0
   7       3 loop3 44 0 680 6 0 0 0 0 0 20 0 0 0 0 0
   7       4 loop4 54 0 700 10 0 0 0 0 0 20 0 0 0 0 0
   7       5 loop5 60 0 2144 26 0 0 0 0 0 28 0 0 0 0 0
   7       6 loop6 10375 0 22790 3699 0 0 0 0 0 1004 1184 0 0 0 0
   7       7 loop7 54 0 2152 17 0 0 0 0 0 28 4 0 0 0 0
   8       0 sda 36514 1043 2318274 19782 14002 27714 1659594 35738 0 24012 27872 0 0 0 0
   8       1 sda1 582 5 12312 262 2 0 2 5 0 152 4 0 0 0 0
   8       2 sda2 35855 1038 2302666 19480 13071 27714 1659592 33389 0 23856 26232 0 0 0 0
   8      16 sdb 467 0 51320 2606 2 0 16 0 0 616 1996 0 0 0 0
   8      17 sdb1 67 0 1336 503 0 0 0 0 0 132 416 0 0 0 0
   8      18 sdb2 73 0 4296 633 0 0 0 0 0 144 544 0 0 0 0
   8      19 sdb3 232 0 41280 1082 2 0 16 0 0 368 720 0 0 0 0
  11       0 sr0 0 0 0 0 0 0 0 0 0 0 0 0 0 0 0
 253       0 dm-0 37060 0 2294410 20792 42245 0 1666568 137296 0 23928 158088 0 0 0 0
 253       1 dm-1 158 0 6672 16 0 0 0 0 0 32 16 0 0 0 0
   7       8 loop8 43 0 672 13 0 0 0 0 0 20 4 0 0 0 0
   7       9 loop9 59 0 2104 73 0 0 0 0 0 28 32 0 0 0 0
   7      10 loop10 21 0 108 2 0 0 0 0 0 8 0 0 0 0 0
   7      11 loop11 37 0 236 4 0 0 0 0 0 12 0 0 0 0 0
   7      12 loop12 40 0 242 4 0 0 0 0 0 12 0 0 0 0 0
   7      13 loop13 44 0 256 6 0 0 0 0 0 12 0 0 0 0 0
   7      14 loop14 81 0 2180 21 0 0 0 0 0 32 0 0 0 0 0
   7      15 loop15 58 0 714 1 0 0 0 0 0 20 0 0 0 0 0
