   7       0 loop0 59 0 2104 92 0 0 0 0 0 52 40 0 0 0 0
   7       1 loop1 45 0 676 7 0 0 0 0 0 16 0 0 0 0 0
   7       2 loop2 44 0 680 113 0 0 0 0 0 36 96 0 0 0 0
   7       3 loop3 60 0 2144 84 0 0 0 0 0 44 40 0 0 0 0
   7       4 loop4 83158 0 168316 17385 0 0 0 0 0 6344 740 0 0 0 0
   7       5 loop5 21 0 108 3 0 0 0 0 0 16 0 0 0 0 0
   7       6 loop6 13805 0 29650 3886 0 0 0 0 0 1440 1328 0 0 0 0
   7       7 loop7 53 0 698 19 0 0 0 0 0 28 4 0 0 0 0
   8       0 sda 63817 857 2809730 26714 17347 22238 1175546 20267 0 29360 11732 0 0 0 0
   8       1 sda1 578 0 12288 217 2 0 2 1 0 156 4 0 0 0 0
   8       2 sda2 63162 857 2794146 26456 16601 22238 1175544 18887 0 29248 10844 0 0 0 0
   8      16 sdb 308 0 14336 2115 0 0 0 0 0 372 1812 0 0 0 0
   8      17 sdb1 67 0 1336 472 0 0 0 0 0 128 388 0 0 0 0
   8      18 sdb2 73 0 4296 563 0 0 0 0 0 148 476 0 0 0 0
   8      19 sdb3 73 0 4296 655 0 0 0 0 0 140 588 0 0 0 0
  11       0 sr0 0 0 0 0 0 0 0 0 0 0 0 0 0 0 0
 253       0 dm-0 64109 0 2785890 28360 39749 0 1180904 53536 0 29256 81896 0 0 0 0
 253       1 dm-1 158 0 6672 104 0 0 0 0 0 88 104 0 0 0 0
   7       8 loop8 43 0 672 32 0 0 0 0 0 32 8 0 0 0 0
   7       9 loop9 48 0 688 23 0 0 0 0 0 28 0 0 0 0 0
   7      10 loop10 40 0 242 18 0 0 0 0 0 24 0 0 0 0 0
   7      11 loop11 46 0 272 20 0 0 0 0 0 32 0 0 0 0 0
   7      12 loop12 44 0 680 18 0 0 0 0 0 32 0 0 0 0 0
   7      13 loop13 37 0 236 13 0 0 0 0 0 16 0 0 0 0 0
   7      14 loop14 54 0 2152 70 0 0 0 0 0 32 44 0 0 0 0
   7      15 loop15 5 0 16 0 0 0 0 0 0 4 0 0 0 0 0
