   7       0 loop0 37 0 236 16 0 0 0 0 0 24 0 0 0 0 0
   7       1 loop1 54 0 2152 62 0 0 0 0 0 64 24 0 0 0 0
   7       2 loop2 44 0 680 57 0 0 0 0 0 52 20 0 0 0 0
   7       3 loop3 53 0 698 28 0 0 0 0 0 28 16 0 0 0 0
   7       4 loop4 43 0 672 40 0 0 0 0 0 32 24 0 0 0 0
   7       5 loop5 59 0 2104 81 0 0 0 0 0 68 24 0 0 0 0
   7       6 loop6 40 0 242 9 0 0 0 0 0 20 0 0 0 0 0
   7       7 loop7 48 0 688 67 0 0 0 0 0 52 44 0 0 0 0
   8       0 sda 35938 1038 2302786 17927 10826 17056 816434 17185 0 21132 11408 0 0 0 0
   8       1 sda1 587 1 12320 277 2 0 2 1 0 148 16 0 0 0 0
   8       2 sda2 35274 1037 2287170 17601 10254 17056 816432 15808 0 21040 10436 0 0 0 0
   8      16 sdb 308 0 14336 2438 0 0 0 0 0 380 2144 0 0 0 0
   8      17 sdb1 67 0 1336 525 0 0 0 0 0 144 448 0 0 0 0
   8      18 sdb2 73 0 4296 587 0 0 0 0 0 140 496 0 0 0 0
   8      19 sdb3 73 0 4296 724 0 0 0 0 0 140 664 0 0 0 0
  11       0 sr0 0 0 0 0 0 0 0 0 0 0 0 0 0 0 0
 253       0 dm-0 36426 0 2278914 19168 28127 0 820616 34660 0 21044 53828 0 0 0 0
 253       1 dm-1 158 0 6672 108 0 0 0 0 0 92 108 0 0 0 0
   7       8 loop8 44 0 256 35 0 0 0 0 0 40 16 0 0 0 0
   7       9 loop9 8229 0 18498 2246 0 0 0 0 0 728 940 0 0 0 0
   7      10 loop10 21 0 108 2 0 0 0 0 0 16 0 0 0 0 0
   7      11 loop11 44 0 680 7 0 0 0 0 0 20 0 0 0 0 0
   7      12 loop12 78 0 2156 34 0 0 0 0 0 28 0 0 0 0 0
   7      13 loop13 60 0 2144 31 0 0 0 0 0 32 0 0 0 0 0
   7      14 loop14 45 0 676 13 0 0 0 0 0 24 0 0 0 0 0
   7      15 loop15 5 0 16 0 0 0 0 0 0 4 0 0 0 0 0
