   7       0 loop0 44 0 680 33 0 0 0 0 0 44 4 0 0 0 0
   7       1 loop1 156671 0 315342 43569 0 0 0 0 0 14248 5092 0 0 0 0
   7       2 loop2 61 0 2146 52 0 0 0 0 0 56 12 0 0 0 0
   7       3 loop3 41 0 244 35 0 0 0 0 0 40 16 0 0 0 0
   7       4 loop4 19465 0 40976 4766 0 0 0 0 0 2148 560 0 0 0 0
   7       5 loop5 37 0 236 9 0 0 0 0 0 24 0 0 0 0 0
   7       6 loop6 54 0 700 32 0 0 0 0 0 40 8 0 0 0 0
   7       7 loop7 48 0 688 27 0 0 0 0 0 44 12 0 0 0 0
   8       0 sda 103384 2146 6583346 50974 36440 31263 1550794 41280 0 80616 29256 0 0 0 0
   8       1 sda1 594 1 12328 274 2 0 2 1 0 156 0 0 0 0 0
   8       2 sda2 102713 2145 6567722 50661 35390 31263 1550792 39096 0 80544 27748 0 0 0 0
   8      16 sdb 337723 0 82580880 1026833 56001 5738742 46357832 1235582 0 607232 1488668 0 0 0 0
   8      17 sdb1 67 0 1336 433 0 0 0 0 0 132 352 0 0 0 0
   8      18 sdb2 73 0 4296 695 0 0 0 0 0 172 588 0 0 0 0
   8      19 sdb3 337488 0 82570840 1025061 55984 5738742 46357832 1233632 0 606924 1485228 0 0 0 0
  11       0 sr0 0 0 0 0 0 0 0 0 0 0 0 0 0 0 0
 253       0 dm-0 103527 0 6544394 52564 47486 0 1396384 171304 0 65196 223868 0 0 0 0
 253       1 dm-1 2042 0 21744 436 20223 0 161784 22428 0 16796 22864 0 0 0 0
   7       8 loop8 59 0 2104 57 0 0 0 0 0 40 36 0 0 0 0
   7       9 loop9 46 0 260 39 0 0 0 0 0 44 20 0 0 0 0
   7      10 loop10 44 0 680 69 0 0 0 0 0 32 48 0 0 0 0
   7      11 loop11 23 0 112 5 0 0 0 0 0 24 0 0 0 0 0
   7      12 loop12 43 0 672 11 0 0 0 0 0 16 0 0 0 0 0
   7      13 loop13 54 0 2152 13 0 0 0 0 0 20 0 0 0 0 0
   7      14 loop14 45 0 688 10 0 0 0 0 0 20 0 0 0 0 0
   7      15 loop15 4 0 8 0 0 0 0 0 0 4 0 0 0 0 0
