   7       0 loop0 44 0 680 33 0 0 0 0 0 44 4 0 0 0 0
   7       1 loop1 78 0 2156 26 0 0 0 0 0 32 0 0 0 0 0
   7       2 loop2 60 0 2144 52 0 0 0 0 0 52 12 0 0 0 0
   7       3 loop3 40 0 242 35 0 0 0 0 0 36 16 0 0 0 0
   7       4 loop4 8155 0 18356 1805 0 0 0 0 0 796 540 0 0 0 0
   7       5 loop5 37 0 236 9 0 0 0 0 0 24 0 0 0 0 0
   7       6 loop6 53 0 698 31 0 0 0 0 0 36 8 0 0 0 0
   7       7 loop7 48 0 688 27 0 0 0 0 0 44 12 0 0 0 0
   8       0 sda 41417 938 3055690 20541 7669 4834 408226 12680 0 22028 11336 0 0 0 0
   8       1 sda1 594 1 12328 274 2 0 2 1 0 156 0 0 0 0 0
   8       2 sda2 40746 937 3040066 20228 7237 4834 408224 11531 0 21960 10504 0 0 0 0
   8      16 sdb 2544 0 70088 80390 13297 1721137 13874112 157677 0 52636 210300 0 0 0 0
   8      17 sdb1 67 0 1336 433 0 0 0 0 0 132 352 0 0 0 0
   8      18 sdb2 73 0 4296 695 0 0 0 0 0 172 588 0 0 0 0
   8      19 sdb3 2309 0 60048 78619 13294 1721137 13874112 157607 2 52380 208716 0 0 0 0
  11       0 sr0 0 0 0 0 0 0 0 0 0 0 0 0 0 0 0
 253       0 dm-0 41921 0 3031698 21700 11328 0 401800 14152 0 20644 35852 0 0 0 0
 253       1 dm-1 172 0 6784 32 1174 0 9392 2656 0 1548 2688 0 0 0 0
   7       8 loop8 59 0 2104 57 0 0 0 0 0 40 36 0 0 0 0
   7       9 loop9 44 0 256 38 0 0 0 0 0 40 20 0 0 0 0
   7      10 loop10 44 0 680 69 0 0 0 0 0 32 48 0 0 0 0
   7      11 loop11 21 0 108 5 0 0 0 0 0 20 0 0 0 0 0
   7      12 loop12 43 0 672 11 0 0 0 0 0 16 0 0 0 0 0
   7      13 loop13 54 0 2152 13 0 0 0 0 0 20 0 0 0 0 0
   7      14 loop14 43 0 684 10 0 0 0 0 0 16 0 0 0 0 0
   7      15 loop15 4 0 8 0 0 0 0 0 0 4 0 0 0 0 0
