   7       0 loop0 44 0 680 33 0 0 0 0 0 44 4 0 0 0 0
   7       1 loop1 67271 0 136542 17109 0 0 0 0 0 5652 3428 0 0 0 0
   7       2 loop2 60 0 2144 52 0 0 0 0 0 52 12 0 0 0 0
   7       3 loop3 40 0 242 35 0 0 0 0 0 36 16 0 0 0 0
   7       4 loop4 16220 0 34486 3400 0 0 0 0 0 1832 560 0 0 0 0
   7       5 loop5 37 0 236 9 0 0 0 0 0 24 0 0 0 0 0
   7       6 loop6 53 0 698 31 0 0 0 0 0 36 8 0 0 0 0
   7       7 loop7 48 0 688 27 0 0 0 0 0 44 12 0 0 0 0
   8       0 sda 57104 1012 3741378 27623 19542 16826 829866 23998 0 40988 18004 0 0 0 0
   8       1 sda1 594 1 12328 274 2 0 2 1 0 156 0 0 0 0 0
   8       2 sda2 56433 1011 3725754 27310 18929 16826 829864 22449 0 40920 16892 0 0 0 0
   8      16 sdb 81118 0 18600816 405869 41642 4824314 38927608 847839 0 243124 1015924 0 0 0 0
   8      17 sdb1 67 0 1336 433 0 0 0 0 0 132 352 0 0 0 0
   8      18 sdb2 73 0 4296 695 0 0 0 0 0 172 588 0 0 0 0
   8      19 sdb3 80883 0 18590776 404098 41637 4824314 38927608 847477 1 242860 1014052 0 0 0 0
  11       0 sr0 0 0 0 0 0 0 0 0 0 0 0 0 0 0 0
 253       0 dm-0 57213 0 3713410 28728 28930 0 774632 156656 0 33244 185384 0 0 0 0
 253       1 dm-1 669 0 10760 152 7437 0 59496 8396 0 8440 8548 0 0 0 0
   7       8 loop8 59 0 2104 57 0 0 0 0 0 40 36 0 0 0 0
   7       9 loop9 44 0 256 38 0 0 0 0 0 40 20 0 0 0 0
   7      10 loop10 44 0 680 69 0 0 0 0 0 32 48 0 0 0 0
   7      11 loop11 21 0 108 5 0 0 0 0 0 20 0 0 0 0 0
   7      12 loop12 43 0 672 11 0 0 0 0 0 16 0 0 0 0 0
   7      13 loop13 54 0 2152 13 0 0 0 0 0 20 0 0 0 0 0
   7      14 loop14 43 0 684 10 0 0 0 0 0 16 0 0 0 0 0
   7      15 loop15 4 0 8 0 0 0 0 0 0 4 0 0 0 0 0
