   7       0 loop0 44 0 680 33 0 0 0 0 0 44 4 0 0 0 0
   7       1 loop1 78 0 2156 26 0 0 0 0 0 32 0 0 0 0 0
   7       2 loop2 60 0 2144 52 0 0 0 0 0 52 12 0 0 0 0
   7       3 loop3 40 0 242 35 0 0 0 0 0 36 16 0 0 0 0
   7       4 loop4 8155 0 18356 1805 0 0 0 0 0 796 540 0 0 0 0
   7       5 loop5 37 0 236 9 0 0 0 0 0 24 0 0 0 0 0
   7       6 loop6 53 0 698 31 0 0 0 0 0 36 8 0 0 0 0
   7       7 loop7 48 0 688 27 0 0 0 0 0 44 12 0 0 0 0
   8       0 sda 34649 876 2364666 16406 2114 1722 278650 5899 0 13280 6008 0 0 0 0
   8       1 sda1 594 1 12328 274 2 0 2 1 0 156 0 0 0 0 0
   8       2 sda2 33978 875 2349042 16093 2000 1722 278648 5671 0 13216 5856 0 0 0 0
   8      16 sdb 545 0 52072 6443 862 104072 838112 9977 0 3300 14316 0 0 0 0
   8      17 sdb1 67 0 1336 433 0 0 0 0 0 132 352 0 0 0 0
   8      18 sdb2 73 0 4296 695 0 0 0 0 0 172 588 0 0 0 0
   8      19 sdb3 310 0 42032 4671 859 104072 838112 9907 1 3044 12732 0 0 0 0
  11       0 sr0 0 0 0 0 0 0 0 0 0 0 0 0 0 0 0
 253       0 dm-0 35100 0 2340786 17212 3834 0 279280 7236 0 13184 24448 0 0 0 0
 253       1 dm-1 158 0 6672 32 0 0 0 0 0 56 32 0 0 0 0
   7       8 loop8 59 0 2104 57 0 0 0 0 0 40 36 0 0 0 0
   7       9 loop9 44 0 256 38 0 0 0 0 0 40 20 0 0 0 0
   7      10 loop10 44 0 680 69 0 0 0 0 0 32 48 0 0 0 0
   7      11 loop11 21 0 108 5 0 0 0 0 0 20 0 0 0 0 0
   7      12 loop12 43 0 672 11 0 0 0 0 0 16 0 0 0 0 0
   7      13 loop13 54 0 2152 13 0 0 0 0 0 20 0 0 0 0 0
   7      14 loop14 43 0 684 10 0 0 0 0 0 16 0 0 0 0 0
   7      15 loop15 4 0 8 0 0 0 0 0 0 4 0 0 0 0 0
