   7       0 loop0 47 0 680 23 0 0 0 0 0 44 0 0 0 0 0
   7       1 loop1 59 0 2104 41 0 0 0 0 0 44 12 0 0 0 0
   7       2 loop2 500 0 1592 51 0 0 0 0 0 132 12 0 0 0 0
   7       3 loop3 54 0 276 7 0 0 0 0 0 24 0 0 0 0 0
   7       4 loop4 251 0 2546 56 0 0 0 0 0 104 16 0 0 0 0
   7       5 loop5 209 0 1010 16 0 0 0 0 0 60 0 0 0 0 0
   7       6 loop6 151973 0 305946 33316 0 0 0 0 0 11280 2468 0 0 0 0
   7       7 loop7 33043 0 68126 11387 0 0 0 0 0 3440 3460 0 0 0 0
   8       0 sda 394251 50734 30482714 334294 450463 611676 48820338 992221 0 450588 807892 0 0 0 0
   8       1 sda1 1308 0 13040 741 2 0 2 1 0 244 0 0 0 0 0
   8       2 sda2 392866 50734 30466378 333504 428459 611676 48820336 953891 0 449484 783168 0 0 0 0
   8      16 sdb 631 0 52640 3951 20 0 160 90 0 1400 3160 0 0 0 0
   8      17 sdb1 67 0 1336 510 0 0 0 0 0 144 416 0 0 0 0
   8      18 sdb2 73 0 4296 552 0 0 0 0 0 144 464 0 0 0 0
   8      19 sdb3 396 0 42600 2572 20 0 160 90 0 1148 2028 0 0 0 0
  11       0 sr0 0 0 0 0 0 0 0 0 0 0 0 0 0 0 0
 253       0 dm-0 321346 0 29465330 323544 751892 0 46481696 1997864 0 422036 2321408 0 0 0 0
 253       1 dm-1 124257 0 999464 45340 311296 0 2490368 3161612 0 48740 3206952 0 0 0 0
   7       8 loop8 210 0 1012 15 0 0 0 0 0 56 0 0 0 0 0
   7       9 loop9 45 0 676 9 0 0 0 0 0 24 4 0 0 0 0
   7      10 loop10 23 0 112 3 0 0 0 0 0 16 0 0 0 0 0
   7      11 loop11 115 0 2254 41 0 0 0 0 0 64 0 0 0 0 0
   7      12 loop12 71 0 478 5 0 0 0 0 0 28 0 0 0 0 0
   7      13 loop13 375 0 1342 20 0 0 0 0 0 68 0 0 0 0 0
   7      14 loop14 44 0 250 5 0 0 0 0 0 28 0 0 0 0 0
   7      15 loop15 4 0 8 0 0 0 0 0 0 4 0 0 0 0 0
