   7       0 loop0 37 0 236 16 0 0 0 0 0 24 0 0 0 0 0
   7       1 loop1 54 0 2152 62 0 0 0 0 0 64 24 0 0 0 0
   7       2 loop2 44 0 680 57 0 0 0 0 0 52 20 0 0 0 0
   7       3 loop3 53 0 698 28 0 0 0 0 0 28 16 0 0 0 0
   7       4 loop4 43 0 672 40 0 0 0 0 0 32 24 0 0 0 0
   7       5 loop5 59 0 2104 81 0 0 0 0 0 68 24 0 0 0 0
   7       6 loop6 40 0 242 9 0 0 0 0 0 20 0 0 0 0 0
   7       7 loop7 48 0 688 67 0 0 0 0 0 52 44 0 0 0 0
   8       0 sda 47750 1107 3388538 23436 30395 50880 1704290 41644 0 43744 24652 0 0 0 0
   8       1 sda1 587 1 12320 277 2 0 2 1 0 148 16 0 0 0 0
   8       2 sda2 47086 1106 3372922 23111 27251 50880 1704288 34234 0 43592 19480 0 0 0 0
   8      16 sdb 918 0 81496 4556 0 0 0 0 0 1532 3412 0 0 0 0
   8      17 sdb1 67 0 1336 525 0 0 0 0 0 144 448 0 0 0 0
   8      18 sdb2 528 0 35864 2305 0 0 0 0 0 1084 1652 0 0 0 0
   8      19 sdb3 228 0 39888 1124 0 0 0 0 0 348 776 0 0 0 0
  11       0 sr0 0 0 0 0 0 0 0 0 0 0 0 0 0 0 0
 253       0 dm-0 48374 0 3364666 24912 81525 0 1728280 71848 0 43676 96760 0 0 0 0
 253       1 dm-1 158 0 6672 108 0 0 0 0 0 92 108 0 0 0 0
   7       8 loop8 44 0 256 35 0 0 0 0 0 40 16 0 0 0 0
   7       9 loop9 8229 0 18498 2246 0 0 0 0 0 728 940 0 0 0 0
   7      10 loop10 21 0 108 2 0 0 0 0 0 16 0 0 0 0 0
   7      11 loop11 44 0 680 7 0 0 0 0 0 20 0 0 0 0 0
   7      12 loop12 78 0 2156 34 0 0 0 0 0 28 0 0 0 0 0
   7      13 loop13 60 0 2144 31 0 0 0 0 0 32 0 0 0 0 0
   7      14 loop14 45 0 676 13 0 0 0 0 0 24 0 0 0 0 0
   7      15 loop15 5 0 16 0 0 0 0 0 0 4 0 0 0 0 0
