   7       0 loop0 44 0 680 33 0 0 0 0 0 44 4 0 0 0 0
   7       1 loop1 242132 0 486264 84821 0 0 0 0 0 22168 20444 0 0 0 0
   7       2 loop2 61 0 2146 52 0 0 0 0 0 56 12 0 0 0 0
   7       3 loop3 41 0 244 35 0 0 0 0 0 40 16 0 0 0 0
   7       4 loop4 24716 0 51478 6618 0 0 0 0 0 2676 560 0 0 0 0
   7       5 loop5 37 0 236 9 0 0 0 0 0 24 0 0 0 0 0
   7       6 loop6 54 0 700 32 0 0 0 0 0 40 8 0 0 0 0
   7       7 loop7 48 0 688 27 0 0 0 0 0 44 12 0 0 0 0
   8       0 sda 124851 2500 8247194 67842 48881 99395 2284730 62323 0 101680 48040 0 0 0 0
   8       1 sda1 594 1 12328 274 2 0 2 1 0 156 0 0 0 0 0
   8       2 sda2 124180 2499 8231570 67529 47427 99395 2284728 59662 0 101580 46280 0 0 0 0
   8      16 sdb 376321 0 88961128 1119972 58537 5741266 46398312 1246849 0 670432 1545092 0 0 0 0
   8      17 sdb1 67 0 1336 433 0 0 0 0 0 132 352 0 0 0 0
   8      18 sdb2 73 0 4296 695 0 0 0 0 0 172 588 0 0 0 0
   8      19 sdb3 376086 0 88951088 1118201 58520 5741266 46398312 1244899 0 670124 1541652 0 0 0 0
  11       0 sr0 0 0 0 0 0 0 0 0 0 0 0 0 0 0 0
 253       0 dm-0 124658 0 8202258 69052 58016 0 1573000 175064 0 83288 244116 0 0 0 0
 253       1 dm-1 2790 0 27728 912 90267 0 722136 1344352 0 20836 1345264 0 0 0 0
   7       8 loop8 59 0 2104 57 0 0 0 0 0 40 36 0 0 0 0
   7       9 loop9 46 0 260 39 0 0 0 0 0 44 20 0 0 0 0
   7      10 loop10 44 0 680 69 0 0 0 0 0 32 48 0 0 0 0
   7      11 loop11 23 0 112 5 0 0 0 0 0 24 0 0 0 0 0
   7      12 loop12 43 0 672 11 0 0 0 0 0 16 0 0 0 0 0
   7      13 loop13 54 0 2152 13 0 0 0 0 0 20 0 0 0 0 0
   7      14 loop14 45 0 688 10 0 0 0 0 0 20 0 0 0 0 0
   7      15 loop15 4 0 8 0 0 0 0 0 0 4 0 0 0 0 0
