   7       0 loop0 44 0 680 33 0 0 0 0 0 44 4 0 0 0 0
   7       1 loop1 255342 0 512684 89122 0 0 0 0 0 23284 20940 0 0 0 0
   7       2 loop2 61 0 2146 52 0 0 0 0 0 56 12 0 0 0 0
   7       3 loop3 41 0 244 35 0 0 0 0 0 40 16 0 0 0 0
   7       4 loop4 25044 0 52134 6845 0 0 0 0 0 2712 560 0 0 0 0
   7       5 loop5 37 0 236 9 0 0 0 0 0 24 0 0 0 0 0
   7       6 loop6 54 0 700 32 0 0 0 0 0 40 8 0 0 0 0
   7       7 loop7 48 0 688 27 0 0 0 0 0 44 12 0 0 0 0
   8       0 sda 131612 15154 8599562 71464 62755 113060 2594226 72729 0 117136 50308 0 0 0 0
   8       1 sda1 594 1 12328 274 2 0 2 1 0 156 0 0 0 0 0
   8       2 sda2 130941 15153 8583938 71151 60892 113060 2594224 69733 0 117024 48400 0 0 0 0
   8      16 sdb 386411 0 89569072 1574355 141310 12417743 100472280 3960260 0 908028 4549636 0 0 0 0
   8      17 sdb1 67 0 1336 433 0 0 0 0 0 132 352 0 0 0 0
   8      18 sdb2 73 0 4296 695 0 0 0 0 0 172 588 0 0 0 0
   8      19 sdb3 386176 0 89559032 1572584 141289 12417743 100472280 3957445 0 907708 4545336 0 0 0 0
  11       0 sr0 0 0 0 0 0 0 0 0 0 0 0 0 0 0 0
 253       0 dm-0 129341 0 8436770 72520 71832 0 1775800 180808 0 91696 253328 0 0 0 0
 253       1 dm-1 17522 0 145584 3084 103991 0 831928 1364260 0 28196 1367344 0 0 0 0
   7       8 loop8 59 0 2104 57 0 0 0 0 0 40 36 0 0 0 0
   7       9 loop9 46 0 260 39 0 0 0 0 0 44 20 0 0 0 0
   7      10 loop10 44 0 680 69 0 0 0 0 0 32 48 0 0 0 0
   7      11 loop11 23 0 112 5 0 0 0 0 0 24 0 0 0 0 0
   7      12 loop12 43 0 672 11 0 0 0 0 0 16 0 0 0 0 0
   7      13 loop13 54 0 2152 13 0 0 0 0 0 20 0 0 0 0 0
   7      14 loop14 45 0 688 10 0 0 0 0 0 20 0 0 0 0 0
   7      15 loop15 4 0 8 0 0 0 0 0 0 4 0 0 0 0 0
