   7       0 loop0 44 0 680 33 0 0 0 0 0 44 4 0 0 0 0
   7       1 loop1 255022 0 512044 88857 0 0 0 0 0 23240 20820 0 0 0 0
   7       2 loop2 61 0 2146 52 0 0 0 0 0 56 12 0 0 0 0
   7       3 loop3 41 0 244 35 0 0 0 0 0 40 16 0 0 0 0
   7       4 loop4 25044 0 52134 6845 0 0 0 0 0 2712 560 0 0 0 0
   7       5 loop5 37 0 236 9 0 0 0 0 0 24 0 0 0 0 0
   7       6 loop6 54 0 700 32 0 0 0 0 0 40 8 0 0 0 0
   7       7 loop7 48 0 688 27 0 0 0 0 0 44 12 0 0 0 0
   8       0 sda 127312 2536 8410274 69575 54558 101241 2406338 66317 0 106924 48740 0 0 0 0
   8       1 sda1 594 1 12328 274 2 0 2 1 0 156 0 0 0 0 0
   8       2 sda2 126641 2535 8394650 69262 52881 101241 2406336 63479 0 106812 46904 0 0 0 0
   8      16 sdb 381271 0 89503904 1243563 81782 7441536 60186040 1918439 0 740820 2292284 0 0 0 0
   8      17 sdb1 67 0 1336 433 0 0 0 0 0 132 352 0 0 0 0
   8      18 sdb2 73 0 4296 695 0 0 0 0 0 172 588 0 0 0 0
   8      19 sdb3 381036 0 89493864 1241791 81762 7441536 60186040 1915805 6 740500 2288164 0 0 0 0
  11       0 sr0 0 0 0 0 0 0 0 0 0 0 0 0 0 0 0
 253       0 dm-0 127127 0 8365114 70924 65145 0 1693128 178184 0 87968 249108 0 0 0 0
 253       1 dm-1 2818 0 27952 964 90662 0 725296 1345036 0 21416 1346000 0 0 0 0
   7       8 loop8 59 0 2104 57 0 0 0 0 0 40 36 0 0 0 0
   7       9 loop9 46 0 260 39 0 0 0 0 0 44 20 0 0 0 0
   7      10 loop10 44 0 680 69 0 0 0 0 0 32 48 0 0 0 0
   7      11 loop11 23 0 112 5 0 0 0 0 0 24 0 0 0 0 0
   7      12 loop12 43 0 672 11 0 0 0 0 0 16 0 0 0 0 0
   7      13 loop13 54 0 2152 13 0 0 0 0 0 20 0 0 0 0 0
   7      14 loop14 45 0 688 10 0 0 0 0 0 20 0 0 0 0 0
   7      15 loop15 4 0 8 0 0 0 0 0 0 4 0 0 0 0 0
