   7       0 loop0 44 0 680 33 0 0 0 0 0 44 4 0 0 0 0
   7       1 loop1 269105 0 540210 93527 0 0 0 0 0 24632 21148 0 0 0 0
   7       2 loop2 61 0 2146 52 0 0 0 0 0 56 12 0 0 0 0
   7       3 loop3 41 0 244 35 0 0 0 0 0 40 16 0 0 0 0
   7       4 loop4 26487 0 55020 7438 0 0 0 0 0 2884 560 0 0 0 0
   7       5 loop5 37 0 236 9 0 0 0 0 0 24 0 0 0 0 0
   7       6 loop6 54 0 700 32 0 0 0 0 0 40 8 0 0 0 0
   7       7 loop7 48 0 688 27 0 0 0 0 0 44 12 0 0 0 0
   8       0 sda 160629 21061 10072874 84001 86154 132921 3543674 94776 0 143936 56720 0 0 0 0
   8       1 sda1 594 1 12328 274 2 0 2 1 0 156 0 0 0 0 0
   8       2 sda2 159958 21060 10057250 83688 83079 132921 3543672 89518 0 143788 53344 0 0 0 0
   8      16 sdb 386906 0 89601000 1576549 142094 12423875 100527608 3967188 0 910580 4557060 0 0 0 0
   8      17 sdb1 67 0 1336 433 0 0 0 0 0 132 352 0 0 0 0
   8      18 sdb2 530 0 35920 2401 0 0 0 0 0 1180 1732 0 0 0 0
   8      19 sdb3 386214 0 89559336 1573071 142073 12423875 100527608 3964373 0 909252 4551616 0 0 0 0
  11       0 sr0 0 0 0 0 0 0 0 0 0 0 0 0 0 0 0
 253       0 dm-0 150059 0 9795850 84036 115076 0 2734464 203572 0 116768 287608 0 0 0 0
 253       1 dm-1 31801 0 259816 7044 104015 0 832120 1364268 0 31320 1371312 0 0 0 0
   7       8 loop8 59 0 2104 57 0 0 0 0 0 40 36 0 0 0 0
   7       9 loop9 49 0 266 40 0 0 0 0 0 48 20 0 0 0 0
   7      10 loop10 44 0 680 69 0 0 0 0 0 32 48 0 0 0 0
   7      11 loop11 23 0 112 5 0 0 0 0 0 24 0 0 0 0 0
   7      12 loop12 43 0 672 11 0 0 0 0 0 16 0 0 0 0 0
   7      13 loop13 54 0 2152 13 0 0 0 0 0 20 0 0 0 0 0
   7      14 loop14 49 0 696 18 0 0 0 0 0 28 0 0 0 0 0
   7      15 loop15 4 0 8 0 0 0 0 0 0 4 0 0 0 0 0
