   7       0 loop0 47 0 680 23 0 0 0 0 0 44 0 0 0 0 0
   7       1 loop1 59 0 2104 41 0 0 0 0 0 44 12 0 0 0 0
   7       2 loop2 500 0 1592 51 0 0 0 0 0 132 12 0 0 0 0
   7       3 loop3 54 0 276 7 0 0 0 0 0 24 0 0 0 0 0
   7       4 loop4 251 0 2546 56 0 0 0 0 0 104 16 0 0 0 0
   7       5 loop5 209 0 1010 16 0 0 0 0 0 60 0 0 0 0 0
   7       6 loop6 155677 0 313354 35284 0 0 0 0 0 11572 2564 0 0 0 0
   7       7 loop7 33045 0 68130 11391 0 0 0 0 0 3448 3460 0 0 0 0
   8       0 sda 428502 53142 31915762 346967 527110 679805 52068290 1085382 0 519864 850240 0 0 0 0
   8       1 sda1 1695 0 13448 908 2 0 2 1 0 292 0 0 0 0 0
   8       2 sda2 426699 53142 31897442 345999 497192 679805 52068288 1036792 0 518384 819276 0 0 0 0
   8      16 sdb 631 0 52640 3951 20 0 160 90 0 1400 3160 0 0 0 0
   8      17 sdb1 67 0 1336 510 0 0 0 0 0 144 416 0 0 0 0
   8      18 sdb2 73 0 4296 552 0 0 0 0 0 144 464 0 0 0 0
   8      19 sdb3 396 0 42600 2572 20 0 160 90 0 1148 2028 0 0 0 0
  11       0 sr0 0 0 0 0 0 0 0 0 0 0 0 0 0 0 0
 253       0 dm-0 351798 0 30849626 334756 896859 0 49770992 2192232 0 487908 2526988 0 0 0 0
 253       1 dm-1 130038 0 1045712 47932 311357 0 2490856 3161756 0 52956 3209688 0 0 0 0
   7       8 loop8 210 0 1012 15 0 0 0 0 0 56 0 0 0 0 0
   7       9 loop9 45 0 676 9 0 0 0 0 0 24 4 0 0 0 0
   7      10 loop10 23 0 112 3 0 0 0 0 0 16 0 0 0 0 0
   7      11 loop11 115 0 2254 41 0 0 0 0 0 64 0 0 0 0 0
   7      12 loop12 71 0 478 5 0 0 0 0 0 28 0 0 0 0 0
   7      13 loop13 375 0 1342 20 0 0 0 0 0 68 0 0 0 0 0
   7      14 loop14 44 0 250 5 0 0 0 0 0 28 0 0 0 0 0
   7      15 loop15 4 0 8 0 0 0 0 0 0 4 0 0 0 0 0
  11       1 sr1 53 0 392 63 0 0 0 0 0 68 32 0 0 0 0
