   7       0 loop0 60 0 2144 42 0 0 0 0 0 36 8 0 0 0 0
   7       1 loop1 67676 0 137352 14284 0 0 0 0 0 5016 520 0 0 0 0
   7       2 loop2 21 0 108 12 0 0 0 0 0 28 8 0 0 0 0
   7       3 loop3 13557 0 29160 3768 0 0 0 0 0 1420 1336 0 0 0 0
   7       4 loop4 44 0 680 45 0 0 0 0 0 52 16 0 0 0 0
   7       5 loop5 44 0 256 29 0 0 0 0 0 36 16 0 0 0 0
   7       6 loop6 43 0 672 39 0 0 0 0 0 40 12 0 0 0 0
   7       7 loop7 40 0 242 28 0 0 0 0 0 44 12 0 0 0 0
   8       0 sda 40310 923 2123194 17186 20625 22166 2085530 40761 0 30508 26364 0 0 0 0
   8       1 sda1 578 10 12320 277 2 0 2 2 0 140 0 0 0 0 0
   8       2 sda2 39655 913 2107578 16868 19691 22166 2085528 39588 0 30396 25688 0 0 0 0
   8      16 sdb 946 0 97984 5569 98 23 968 110 0 2280 4440 0 0 0 0
   8      17 sdb1 67 0 1336 424 0 0 0 0 0 140 328 0 0 0 0
   8      18 sdb2 73 0 4296 584 0 0 0 0 0 160 496 0 0 0 0
   8      19 sdb3 711 0 87944 4197 98 23 968 110 0 2024 3324 0 0 0 0
  11       0 sr0 0 0 0 0 0 0 0 0 0 0 0 0 0 0 0
 253       0 dm-0 40660 0 2099322 16976 43045 0 2091912 71476 0 30404 88452 0 0 0 0
 253       1 dm-1 158 0 6672 56 0 0 0 0 0 56 56 0 0 0 0
   7       8 loop8 37 0 236 20 0 0 0 0 0 36 12 0 0 0 0
   7       9 loop9 48 0 688 14 0 0 0 0 0 28 0 0 0 0 0
   7      10 loop10 45 0 676 8 0 0 0 0 0 16 0 0 0 0 0
   7      11 loop11 44 0 680 8 0 0 0 0 0 24 0 0 0 0 0
   7      12 loop12 54 0 2152 32 0 0 0 0 0 24 0 0 0 0 0
   7      13 loop13 58 0 2112 37 0 0 0 0 0 12 0 0 0 0 0
   7      14 loop14 53 0 698 13 0 0 0 0 0 20 4 0 0 0 0
   7      15 loop15 5 0 16 0 0 0 0 0 0 4 0 0 0 0 0
