   7       0 loop0 45 0 676 23 0 0 0 0 0 40 0 0 0 0 0
   7       1 loop1 59 0 2104 41 0 0 0 0 0 44 12 0 0 0 0
   7       2 loop2 499 0 1590 51 0 0 0 0 0 128 12 0 0 0 0
   7       3 loop3 52 0 272 6 0 0 0 0 0 20 0 0 0 0 0
   7       4 loop4 251 0 2546 56 0 0 0 0 0 104 16 0 0 0 0
   7       5 loop5 209 0 1010 16 0 0 0 0 0 60 0 0 0 0 0
   7       6 loop6 78961 0 159922 16263 0 0 0 0 0 5776 476 0 0 0 0
   7       7 loop7 13943 0 29926 3619 0 0 0 0 0 1476 1024 0 0 0 0
   8       0 sda 80154 1393 4270050 35293 216052 193335 16260250 366580 0 167580 211628 0 0 0 0
   8       1 sda1 948 0 12680 603 2 0 2 1 0 208 0 0 0 0 0
   8       2 sda2 79129 1393 4254074 34642 204352 193335 16260248 346359 0 166896 198680 0 0 0 0
   8      16 sdb 631 0 52640 3951 19 0 152 89 0 1396 3160 0 0 0 0
   8      17 sdb1 67 0 1336 510 0 0 0 0 0 144 416 0 0 0 0
   8      18 sdb2 73 0 4296 552 0 0 0 0 0 144 464 0 0 0 0
   8      19 sdb3 396 0 42600 2572 19 0 152 89 0 1144 2028 0 0 0 0
  11       0 sr0 0 0 0 0 0 0 0 0 0 0 0 0 0 0 0
 253       0 dm-0 80368 0 4244634 34664 409247 0 16334544 534444 0 166956 569108 0 0 0 0
 253       1 dm-1 306 0 7856 100 933 0 7464 756 0 788 856 0 0 0 0
   7       8 loop8 209 0 1010 14 0 0 0 0 0 52 0 0 0 0 0
   7       9 loop9 45 0 676 9 0 0 0 0 0 24 4 0 0 0 0
   7      10 loop10 21 0 108 2 0 0 0 0 0 8 0 0 0 0 0
   7      11 loop11 110 0 2244 40 0 0 0 0 0 60 0 0 0 0 0
   7      12 loop12 71 0 478 5 0 0 0 0 0 28 0 0 0 0 0
   7      13 loop13 375 0 1342 20 0 0 0 0 0 68 0 0 0 0 0
   7      14 loop14 43 0 248 5 0 0 0 0 0 20 0 0 0 0 0
   7      15 loop15 4 0 8 0 0 0 0 0 0 4 0 0 0 0 0
