   7       0 loop0 110 0 2244 43 0 0 0 0 0 64 8 0 0 0 0
   7       1 loop1 68039 0 138078 14353 0 0 0 0 0 5060 520 0 0 0 0
   7       2 loop2 21 0 108 12 0 0 0 0 0 28 8 0 0 0 0
   7       3 loop3 13835 0 29716 3832 0 0 0 0 0 1472 1336 0 0 0 0
   7       4 loop4 209 0 1010 52 0 0 0 0 0 88 16 0 0 0 0
   7       5 loop5 52 0 272 30 0 0 0 0 0 44 16 0 0 0 0
   7       6 loop6 45 0 676 39 0 0 0 0 0 44 12 0 0 0 0
   7       7 loop7 43 0 248 28 0 0 0 0 0 48 12 0 0 0 0
   8       0 sda 80948 1115 4766682 41523 60909 65441 17317706 379956 0 97560 339052 0 0 0 0
   8       1 sda1 578 10 12320 277 2 0 2 2 0 140 0 0 0 0 0
   8       2 sda2 80293 1105 4751066 41205 58572 65441 17317704 374282 0 97256 334924 0 0 0 0
   8      16 sdb 946 0 97984 5569 98 23 968 110 0 2280 4440 0 0 0 0
   8      17 sdb1 67 0 1336 424 0 0 0 0 0 140 328 0 0 0 0
   8      18 sdb2 73 0 4296 584 0 0 0 0 0 160 496 0 0 0 0
   8      19 sdb3 711 0 87944 4197 98 23 968 110 0 2024 3324 0 0 0 0
  11       0 sr0 0 0 0 0 0 0 0 0 0 0 0 0 0 0 0
 253       0 dm-0 81507 0 4742746 41844 127090 0 17334272 640400 0 97900 682244 0 0 0 0
 253       1 dm-1 166 0 6736 80 30 0 240 8 0 92 88 0 0 0 0
   7       8 loop8 42 0 246 21 0 0 0 0 0 44 12 0 0 0 0
   7       9 loop9 499 0 1590 27 0 0 0 0 0 92 0 0 0 0 0
   7      10 loop10 45 0 676 8 0 0 0 0 0 16 0 0 0 0 0
   7      11 loop11 375 0 1342 20 0 0 0 0 0 76 0 0 0 0 0
   7      12 loop12 251 0 2546 37 0 0 0 0 0 64 0 0 0 0 0
   7      13 loop13 58 0 2112 37 0 0 0 0 0 12 0 0 0 0 0
   7      14 loop14 209 0 1010 20 0 0 0 0 0 60 4 0 0 0 0
   7      15 loop15 5 0 16 0 0 0 0 0 0 4 0 0 0 0 0
