   7       0 loop0 60 0 2144 58 0 0 0 0 0 64 12 0 0 0 0
   7       1 loop1 37 0 236 58 0 0 0 0 0 52 40 0 0 0 0
   7       2 loop2 48 0 688 48 0 0 0 0 0 60 16 0 0 0 0
   7       3 loop3 65 0 2130 35 0 0 0 0 0 36 0 0 0 0 0
   7       4 loop4 44 0 680 27 0 0 0 0 0 48 8 0 0 0 0
   7       5 loop5 21 0 108 16 0 0 0 0 0 24 12 0 0 0 0
   7       6 loop6 43 0 672 72 0 0 0 0 0 64 44 0 0 0 0
   7       7 loop7 44 0 680 83 0 0 0 0 0 56 40 0 0 0 0
   8       0 sda 22306 915 1074770 12355 606 782 18177 1043 0 6488 2596 0 0 0 0
   8       1 sda1 227 0 11904 134 1 0 1 0 0 144 28 0 0 0 0
   8       2 sda2 22002 915 1059570 12177 566 782 18176 932 0 6464 2492 0 0 0 0
   8      16 sdb 308 0 14336 2147 0 0 0 0 0 396 1836 0 0 0 0
   8      17 sdb1 67 0 1336 423 0 0 0 0 0 144 340 0 0 0 0
   8      18 sdb2 73 0 4296 493 0 0 0 0 0 136 404 0 0 0 0
   8      19 sdb3 73 0 4296 644 0 0 0 0 0 164 564 0 0 0 0
  11       0 sr0 0 0 0 0 0 0 0 0 0 0 0 0 0 0 0
 253       0 dm-0 23136 0 1051314 14560 1387 0 18416 1188 0 6412 15748 0 0 0 0
 253       1 dm-1 158 0 6672 36 0 0 0 0 0 60 36 0 0 0 0
   7       8 loop8 40 0 242 18 0 0 0 0 0 24 4 0 0 0 0
   7       9 loop9 45 0 676 11 0 0 0 0 0 24 0 0 0 0 0
   7      10 loop10 59 0 2104 38 0 0 0 0 0 24 0 0 0 0 0
   7      11 loop11 53 0 698 9 0 0 0 0 0 16 0 0 0 0 0
   7      12 loop12 8226 0 18498 1317 0 0 0 0 0 768 112 0 0 0 0
   7      13 loop13 44 0 256 10 0 0 0 0 0 12 0 0 0 0 0
   7      14 loop14 54 0 2152 12 0 0 0 0 0 20 0 0 0 0 0
   7      15 loop15 5 0 16 0 0 0 0 0 0 4 0 0 0 0 0
