   7       0 loop0 44 0 680 33 0 0 0 0 0 44 4 0 0 0 0
   7       1 loop1 78 0 2156 26 0 0 0 0 0 32 0 0 0 0 0
   7       2 loop2 60 0 2144 52 0 0 0 0 0 52 12 0 0 0 0
   7       3 loop3 40 0 242 35 0 0 0 0 0 36 16 0 0 0 0
   7       4 loop4 8155 0 18356 1805 0 0 0 0 0 796 540 0 0 0 0
   7       5 loop5 37 0 236 9 0 0 0 0 0 24 0 0 0 0 0
   7       6 loop6 53 0 698 31 0 0 0 0 0 36 8 0 0 0 0
   7       7 loop7 48 0 688 27 0 0 0 0 0 44 12 0 0 0 0
   8       0 sda 37845 912 2737426 18332 4698 2557 326082 7933 0 17124 7636 0 0 0 0
   8       1 sda1 594 1 12328 274 2 0 2 1 0 156 0 0 0 0 0
   8       2 sda2 37174 911 2721802 18020 4475 2557 326080 7523 0 17060 7368 0 0 0 0
   8      16 sdb 1484 0 60952 41805 7387 969267 7813208 75149 0 29696 101976 0 0 0 0
   8      17 sdb1 67 0 1336 433 0 0 0 0 0 132 352 0 0 0 0
   8      18 sdb2 73 0 4296 695 0 0 0 0 0 172 588 0 0 0 0
   8      19 sdb3 1249 0 50912 40034 7384 969267 7813208 75079 1 29440 100392 0 0 0 0
  11       0 sr0 0 0 0 0 0 0 0 0 0 0 0 0 0 0 0
 253       0 dm-0 38327 0 2713482 19328 7022 0 325632 9672 0 16728 29000 0 0 0 0
 253       1 dm-1 166 0 6736 32 231 0 1848 284 0 448 316 0 0 0 0
   7       8 loop8 59 0 2104 57 0 0 0 0 0 40 36 0 0 0 0
   7       9 loop9 44 0 256 38 0 0 0 0 0 40 20 0 0 0 0
   7      10 loop10 44 0 680 69 0 0 0 0 0 32 48 0 0 0 0
   7      11 loop11 21 0 108 5 0 0 0 0 0 20 0 0 0 0 0
   7      12 loop12 43 0 672 11 0 0 0 0 0 16 0 0 0 0 0
   7      13 loop13 54 0 2152 13 0 0 0 0 0 20 0 0 0 0 0
   7      14 loop14 43 0 684 10 0 0 0 0 0 16 0 0 0 0 0
   7      15 loop15 4 0 8 0 0 0 0 0 0 4 0 0 0 0 0
