   7       0 loop0 44 0 680 33 0 0 0 0 0 44 4 0 0 0 0
   7       1 loop1 100939 0 203878 26454 0 0 0 0 0 8848 3736 0 0 0 0
   7       2 loop2 60 0 2144 52 0 0 0 0 0 52 12 0 0 0 0
   7       3 loop3 40 0 242 35 0 0 0 0 0 36 16 0 0 0 0
   7       4 loop4 17243 0 36532 3824 0 0 0 0 0 1928 560 0 0 0 0
   7       5 loop5 37 0 236 9 0 0 0 0 0 24 0 0 0 0 0
   7       6 loop6 53 0 698 31 0 0 0 0 0 36 8 0 0 0 0
   7       7 loop7 48 0 688 27 0 0 0 0 0 44 12 0 0 0 0
   8       0 sda 74944 1138 4777306 35913 22687 19185 990226 28003 0 52840 21144 0 0 0 0
   8       1 sda1 594 1 12328 274 2 0 2 1 0 156 0 0 0 0 0
   8       2 sda2 74273 1137 4761682 35600 21946 19185 990224 26206 1 52772 19872 0 0 0 0
   8      16 sdb 164077 0 39461680 595172 42123 4825995 38944904 852083 0 348428 1039908 0 0 0 0
   8      17 sdb1 67 0 1336 433 0 0 0 0 0 132 352 0 0 0 0
   8      18 sdb2 73 0 4296 695 0 0 0 0 0 172 588 0 0 0 0
   8      19 sdb3 163842 0 39451640 593401 42118 4825995 38944904 851722 0 348164 1038036 0 0 0 0
  11       0 sr0 0 0 0 0 0 0 0 0 0 0 0 0 0 0 0
 253       0 dm-0 75226 0 4749042 37324 33052 0 924800 160312 1 43512 197636 0 0 0 0
 253       1 dm-1 707 0 11064 168 8822 0 70576 9728 0 10168 9896 0 0 0 0
   7       8 loop8 59 0 2104 57 0 0 0 0 0 40 36 0 0 0 0
   7       9 loop9 44 0 256 38 0 0 0 0 0 40 20 0 0 0 0
   7      10 loop10 44 0 680 69 0 0 0 0 0 32 48 0 0 0 0
   7      11 loop11 21 0 108 5 0 0 0 0 0 20 0 0 0 0 0
   7      12 loop12 43 0 672 11 0 0 0 0 0 16 0 0 0 0 0
   7      13 loop13 54 0 2152 13 0 0 0 0 0 20 0 0 0 0 0
   7      14 loop14 43 0 684 10 0 0 0 0 0 16 0 0 0 0 0
   7      15 loop15 4 0 8 0 0 0 0 0 0 4 0 0 0 0 0
