   7       0 loop0 44 0 680 33 0 0 0 0 0 44 4 0 0 0 0
   7       1 loop1 255342 0 512684 89122 0 0 0 0 0 23284 20940 0 0 0 0
   7       2 loop2 61 0 2146 52 0 0 0 0 0 56 12 0 0 0 0
   7       3 loop3 41 0 244 35 0 0 0 0 0 40 16 0 0 0 0
   7       4 loop4 25044 0 52134 6845 0 0 0 0 0 2712 560 0 0 0 0
   7       5 loop5 37 0 236 9 0 0 0 0 0 24 0 0 0 0 0
   7       6 loop6 54 0 700 32 0 0 0 0 0 40 8 0 0 0 0
   7       7 loop7 48 0 688 27 0 0 0 0 0 44 12 0 0 0 0
   8       0 sda 131108 15154 8594426 71250 61683 112819 2579962 72150 0 116188 50216 0 0 0 0
   8       1 sda1 594 1 12328 274 2 0 2 1 0 156 0 0 0 0 0
   8       2 sda2 130437 15153 8578802 70938 59849 112819 2579960 69198 0 116076 48332 0 0 0 0
   8      16 sdb 385668 0 89556288 1548615 135691 12032429 97344824 3716677 0 893028 4290476 0 0 0 0
   8      17 sdb1 67 0 1336 433 0 0 0 0 0 132 352 0 0 0 0
   8      18 sdb2 73 0 4296 695 0 0 0 0 0 172 588 0 0 0 0
   8      19 sdb3 385433 0 89546248 1546843 135671 12032429 97344824 3714043 0 892708 4286356 0 0 0 0
  11       0 sr0 0 0 0 0 0 0 0 0 0 0 0 0 0 0 0
 253       0 dm-0 128838 0 8431642 72292 70679 0 1762608 180520 0 91196 252812 0 0 0 0
 253       1 dm-1 17521 0 145576 3084 103831 0 830648 1364020 0 27744 1367104 0 0 0 0
   7       8 loop8 59 0 2104 57 0 0 0 0 0 40 36 0 0 0 0
   7       9 loop9 46 0 260 39 0 0 0 0 0 44 20 0 0 0 0
   7      10 loop10 44 0 680 69 0 0 0 0 0 32 48 0 0 0 0
   7      11 loop11 23 0 112 5 0 0 0 0 0 24 0 0 0 0 0
   7      12 loop12 43 0 672 11 0 0 0 0 0 16 0 0 0 0 0
   7      13 loop13 54 0 2152 13 0 0 0 0 0 20 0 0 0 0 0
   7      14 loop14 45 0 688 10 0 0 0 0 0 20 0 0 0 0 0
   7      15 loop15 4 0 8 0 0 0 0 0 0 4 0 0 0 0 0
