   7       0 loop0 60 0 2144 42 0 0 0 0 0 36 8 0 0 0 0
   7       1 loop1 65 0 2130 144 0 0 0 0 0 56 104 0 0 0 0
   7       2 loop2 21 0 108 12 0 0 0 0 0 28 8 0 0 0 0
   7       3 loop3 8155 0 18356 2667 0 0 0 0 0 804 1336 0 0 0 0
   7       4 loop4 42 0 676 45 0 0 0 0 0 48 16 0 0 0 0
   7       5 loop5 44 0 256 29 0 0 0 0 0 36 16 0 0 0 0
   7       6 loop6 43 0 672 39 0 0 0 0 0 40 12 0 0 0 0
   7       7 loop7 40 0 242 28 0 0 0 0 0 44 12 0 0 0 0
   8       0 sda 14416 788 829282 9038 2254 1034 42418 1550 0 4504 1220 0 0 0 0
   8       1 sda1 218 10 11960 119 2 0 2 2 0 104 0 0 0 0 0
   8       2 sda2 14121 778 814026 8878 2166 1034 42416 1423 0 4464 1144 0 0 0 0
   8      16 sdb 308 0 14336 2002 0 0 0 0 0 408 1676 0 0 0 0
   8      17 sdb1 67 0 1336 424 0 0 0 0 0 140 328 0 0 0 0
   8      18 sdb2 73 0 4296 584 0 0 0 0 0 160 496 0 0 0 0
   8      19 sdb3 73 0 4296 630 0 0 0 0 0 152 560 0 0 0 0
  11       0 sr0 0 0 0 0 0 0 0 0 0 0 0 0 0 0 0
 253       0 dm-0 14926 0 805770 9200 3286 0 43000 1488 0 4408 10688 0 0 0 0
 253       1 dm-1 158 0 6672 56 0 0 0 0 0 56 56 0 0 0 0
   7       8 loop8 37 0 236 20 0 0 0 0 0 36 12 0 0 0 0
   7       9 loop9 48 0 688 14 0 0 0 0 0 28 0 0 0 0 0
   7      10 loop10 45 0 676 8 0 0 0 0 0 16 0 0 0 0 0
   7      11 loop11 42 0 676 8 0 0 0 0 0 20 0 0 0 0 0
   7      12 loop12 52 0 2148 32 0 0 0 0 0 20 0 0 0 0 0
   7      13 loop13 58 0 2112 37 0 0 0 0 0 12 0 0 0 0 0
   7      14 loop14 53 0 698 13 0 0 0 0 0 20 4 0 0 0 0
   7      15 loop15 5 0 16 0 0 0 0 0 0 4 0 0 0 0 0
   8      32 sdc 32 6 241 374 0 0 0 0 0 136 308 0 0 0 0
